c-3-f-d-p 0.4908854166666667 0.71171875 0.1671875 0.19635416666666666
c-3-f-d-r 0.2703125 0.7541666666666667 0.19375 0.21145833333333333
c-1-h-o-p 0.7328125 0.5940104166666667 0.184375 0.1890625
c-2-f-o-r 0.39427083333333335 0.5765625 0.19479166666666667 0.175
c-3-h-o-r 0.22786458333333334 0.5786458333333333 0.18802083333333333 0.14895833333333333
c-2-f-d-g 0.8666666666666667 0.4921875 0.15104166666666666 0.16979166666666667
c-2-f-d-g 0.5765625 0.5166666666666667 0.13958333333333334 0.16770833333333332
c-2-h-d-g 0.7067708333333333 0.39036458333333335 0.18333333333333332 0.14114583333333333
c-2-h-d-p 0.48802083333333335 0.4315104166666667 0.12916666666666668 0.14635416666666667
c-3-h-d-r 0.3614583333333333 0.42083333333333334 0.165625 0.16041666666666668
c-2-f-d-p 0.09192708333333334 0.46119791666666665 0.1296875 0.16197916666666667
c-1-h-o-r 0.21614583333333334 0.41484375 0.171875 0.15052083333333333
c-2-h-d-g 0.8747395833333333 0.325 0.1421875 0.14375
c-3-h-d-g 0.721875 0.28098958333333335 0.13020833333333334 0.1328125
c-3-f-d-g 0.521875 0.27369791666666665 0.115625 0.1328125
c-2-f-o-p 0.35260416666666666 0.29192708333333334 0.14479166666666668 0.14114583333333333
c-2-h-d-r 0.1734375 0.2911458333333333 0.171875 0.14166666666666666
c-1-f-d-p 0.2872395833333333 0.20911458333333333 0.12760416666666666 0.1234375
c-1-f-d-r 0.42213541666666665 0.2 0.11822916666666666 0.11979166666666667
c-3-h-o-p 0.5731770833333333 0.15208333333333332 0.16822916666666668 0.11354166666666667
