78 0.6856528283854166 0.6302026429687501 0.21485576614583338 0.18994731927083328
55 0.51142150546875 0.7090760231770833 0.21548376093750002 0.13626333906249996
59 0.3373203515625 0.4714952151041667 0.209051084375 0.17508653020833342
71 0.37213191979166665 0.22438936250000002 0.1740329739583333 0.1445220947916667
70 0.49470362656250005 0.40808372499999995 0.1378993666666667 0.15368976562499997
60 0.6309607187499999 0.32881988697916664 0.1898440041666666 0.14956243854166668
57 0.7496881169270834 0.2781580528645833 0.15096302031249992 0.15524319010416665
24 0.37643688515625 0.3201108296875 0.1935416859375 0.14618295000000003
8 0.6086447239583334 0.4895847638020834 0.18505570104166663 0.18764197031250002
20 0.5410295169270835 0.25928355052083335 0.17980047864583337 0.14878570208333333
9 0.23499891744791668 0.39979810703125 0.19603292135416667 0.16047770156250002
25 0.21394095416666664 0.2704116106770833 0.18065570208333334 0.11560606927083332
18 0.2766852140625 0.7751006760416668 0.21528547604166667 0.1347511927083333
33 0.21937999739583336 0.6668568294270834 0.19816061666666668 0.12314186093749993
38 0.7828615825520833 0.46062747630208334 0.2089561463541667 0.16493558906249994
31 0.4434385934895833 0.5765558401041666 0.2171281182291666 0.19496291458333334
49 0.16012888958333335 0.5416657606770834 0.22084641041666667 0.16577838281250004
45 0.63493932109375 0.1901066421875 0.1100741067708333 0.12808724270833333
51 0.5116817791666667 0.14042395729166665 0.12913659374999995 0.13041316666666666
42 0.28062659895833336 0.16369429010416667 0.17901137708333334 0.09619241562500001
