c-1-u-o-r 0.6627418515625 0.45913186067708334 0.18728663125 0.1673978484375
c-3-u-s-r 0.76843045546875 0.5586356638020834 0.19623947135416664 0.1472983994791667
c-1-h-o-r 0.4827306747395833 0.8356676736979167 0.16942227656249997 0.24300333697916668
c-1-h-d-p 0.6641053197916666 0.6825769106770833 0.22181733437500004 0.17149626406250001
c-2-f-s-p 0.2774391890625 0.7692463874999999 0.2296174208333333 0.2505473458333333
c-2-f-d-p 0.28499561953124997 0.5708089828124999 0.22813014947916668 0.17598304791666664
c-3-f-o-p 0.4712659359375 0.64888299296875 0.22071835208333337 0.15841204322916672
c-3-u-o-p 0.3847555635416667 0.47427570026041665 0.20975758229166672 0.15761874531250003
c-2-f-o-p 0.26986418567708337 0.38205561614583333 0.20516343072916668 0.14007247291666663
c-1-f-s-p 0.43442994765625 0.3498262723958333 0.1833039286458333 0.1547887166666667
c-3-f-d-p 0.3425383645833333 0.2633406401041667 0.189732471875 0.10876857395833336
c-3-h-s-p 0.5315602622395833 0.2685772658854167 0.16766230260416665 0.10108819010416668
c-2-h-s-p 0.6683647791666668 0.22186713203125 0.17272745729166666 0.10096425989583331
c-2-h-o-g 0.7823451361979167 0.7312288283854167 0.20747706093749999 0.21141433697916673
c-3-h-o-g 0.5231672127604167 0.5336900075520833 0.2077001255208333 0.16330362968749998
c-3-u-o-g 0.7844831783854166 0.3930143197916667 0.17288443281250007 0.15312376041666673
c-3-f-s-g 0.5570925554687499 0.39059119218750005 0.1842541692708333 0.1576559385416667
c-1-h-s-g 0.7010300635416667 0.33149086640625003 0.1727398552083333 0.09642791718750002
c-1-h-d-g 0.4814788658854167 0.1676749390625 0.1671417557291667 0.08412446979166668
c-2-h-s-g 0.3157562893229167 0.14994074921875 0.17252502447916662 0.09004484010416668
