c-2-f-d-p 0.39479166666666665 0.815625 0.18229166666666666 0.23541666666666666
c-2-h-d-p 0.6619791666666667 0.7802083333333333 0.16458333333333333 0.22916666666666666
c-1-f-s-r 0.7760416666666666 0.6588541666666666 0.2125 0.215625
c-2-f-d-r 0.5575520833333333 0.6770833333333334 0.22239583333333332 0.209375
c-1-u-d-r 0.23098958333333333 0.6973958333333333 0.23072916666666668 0.19270833333333334
c-2-h-o-g 0.421875 0.6190104166666667 0.209375 0.20364583333333333
c-3-h-d-p 0.16197916666666667 0.5942708333333333 0.21145833333333333 0.175
c-2-h-d-r 0.3528645833333333 0.5033854166666667 0.18385416666666668 0.18697916666666667
c-2-u-d-g 0.7450520833333333 0.5138020833333333 0.16927083333333334 0.18697916666666667
c-3-u-o-p 0.6096354166666667 0.48411458333333335 0.14114583333333333 0.17552083333333332
c-2-f-d-r 0.5080729166666667 0.42942708333333335 0.14947916666666666 0.17239583333333333
c-1-u-o-p 0.21380208333333334 0.4328125 0.19322916666666667 0.171875
c-2-f-d-p 0.7651041666666667 0.37942708333333336 0.14375 0.15677083333333333
c-2-u-d-p 0.6041666666666666 0.30416666666666664 0.18541666666666667 0.14583333333333334
c-1-u-d-p 0.46171875 0.2953125 0.12135416666666667 0.140625
c-3-h-s-r 0.2984375 0.290625 0.12708333333333333 0.14375
c-3-f-o-r 0.7942708333333334 0.2453125 0.15104166666666666 0.14479166666666668
c-2-h-d-g 0.6888020833333334 0.23463541666666668 0.12135416666666667 0.13489583333333333
c-3-u-o-g 0.5708333333333333 0.16484375 0.15520833333333334 0.14010416666666667
c-1-h-o-g 0.42135416666666664 0.17109375 0.17395833333333333 0.10989583333333333
