c-1-h-o-p 0.7106770833333333 0.7830729166666667 0.17447916666666666 0.18489583333333334
c-3-f-d-p 0.48541666666666666 0.8838541666666667 0.15104166666666666 0.18645833333333334
c-3-f-d-r 0.28880208333333335 0.90625 0.1671875 0.18229166666666666
c-2-f-d-g 0.5651041666666666 0.6932291666666667 0.13125 0.16875
c-2-f-o-r 0.39739583333333334 0.7455729166666667 0.18125 0.17760416666666667
c-3-h-o-r 0.24375 0.74375 0.18020833333333333 0.14791666666666667
c-2-f-d-g 0.8489583333333334 0.68203125 0.153125 0.17864583333333334
c-2-h-d-g 0.6979166666666666 0.565625 0.18541666666666667 0.159375
c-2-h-d-p 0.4895833333333333 0.6018229166666667 0.12916666666666668 0.15885416666666666
c-3-h-d-r 0.36744791666666665 0.5841145833333333 0.1609375 0.1640625
c-1-h-o-r 0.22916666666666666 0.575 0.16770833333333332 0.15833333333333333
c-2-f-d-p 0.11484375 0.6158854166666666 0.13072916666666667 0.1703125
c-2-h-d-g 0.8778645833333333 0.4973958333333333 0.1296875 0.15520833333333334
c-3-h-d-g 0.72578125 0.43515625 0.13489583333333333 0.15364583333333334
c-3-f-d-g 0.5270833333333333 0.41640625 0.12291666666666666 0.15572916666666667
c-2-f-o-p 0.36041666666666666 0.43411458333333336 0.15 0.15885416666666666
c-2-h-d-r 0.1828125 0.4322916666666667 0.171875 0.16041666666666668
c-1-f-d-r 0.42552083333333335 0.32473958333333336 0.12916666666666668 0.15260416666666668
c-1-f-d-p 0.29348958333333336 0.33255208333333336 0.14427083333333332 0.1515625
c-3-h-o-p 0.58359375 0.26927083333333335 0.17447916666666666 0.15104166666666666
