49 0.56953125 0.83046875 0.22447916666666667 0.2265625
66 0.41171875 0.7947916666666667 0.22447916666666667 0.20520833333333333
16 0.22447916666666667 0.7869791666666667 0.20729166666666668 0.178125
14 0.6856770833333333 0.6765625 0.21822916666666667 0.17604166666666668
71 0.5041666666666667 0.6432291666666666 0.20625 0.2
41 0.8177083333333334 0.584375 0.21145833333333333 0.16979166666666667
40 0.390625 0.5604166666666667 0.19791666666666666 0.19583333333333333
23 0.20963541666666666 0.5786458333333333 0.2078125 0.18958333333333333
61 0.753125 0.4309895833333333 0.1875 0.1765625
44 0.6244791666666667 0.47213541666666664 0.14270833333333333 0.17447916666666666
32 0.23229166666666667 0.45260416666666664 0.19791666666666666 0.16770833333333332
12 0.40703125 0.40260416666666665 0.13802083333333334 0.16041666666666668
59 0.53671875 0.37916666666666665 0.1484375 0.165625
7 0.73984375 0.29348958333333336 0.17864583333333334 0.10885416666666667
23 0.2755208333333333 0.3046875 0.16875 0.15833333333333333
40 0.7052083333333333 0.20234375 0.14895833333333333 0.1453125
5 0.5296875 0.2390625 0.12604166666666666 0.13854166666666667
25 0.4002604166666667 0.23177083333333334 0.12552083333333333 0.1375
13 0.6169270833333333 0.11979166666666667 0.1421875 0.134375
49 0.48802083333333335 0.11067708333333333 0.165625 0.1328125
