c-1-u-o-g 0.3202868302083333 0.6358985583333333 0.24122050624999997 0.1949254989583333
c-2-u-d-p 0.34694032656249996 0.30013048645833335 0.17335605624999997 0.15470182083333334
c-3-u-s-r 0.7780634880208334 0.5599793434895833 0.15727252916666667 0.18359444947916662
c-1-h-o-r 0.6318480333333334 0.6201928138020832 0.2067826270833334 0.17199662552083328
c-3-u-o-g 0.6949137052083333 0.75133775078125 0.21528377499999998 0.16516977968750007
c-2-h-o-g 0.17517337005208333 0.6778225580729167 0.23640138281249998 0.21769892343750002
c-2-u-s-g 0.25871763229166667 0.5061908244791666 0.22510356874999998 0.16371774687499993
c-2-h-o-r 0.4978638171875 0.49190929739583333 0.17977170937500003 0.17978283541666673
c-1-f-o-p 0.42435229609374997 0.3910461109375 0.1487490973958333 0.17311897291666664
c-2-f-s-p 0.6582811671875 0.45826047265625 0.17604529062499996 0.1772268932291666
c-3-f-o-p 0.46313519453125 0.6803321520833333 0.22392937343749994 0.19364757499999996
c-2-h-s-p 0.3213184434895833 0.8413976986979167 0.22047333697916666 0.25367768593749995
c-1-h-d-p 0.24121905937500002 0.40433858229166664 0.21606537499999998 0.14574133541666665
c-1-h-d-g 0.20354931354166667 0.27737750208333334 0.19325868333333335 0.15821706458333332
c-2-f-s-r 0.7130753200520833 0.31288955234374993 0.16924069739583333 0.15070494010416666
c-1-f-s-g 0.6087857565104166 0.33927452552083337 0.1592801411458333 0.1563130854166667
c-1-f-s-p 0.5361243723958334 0.25192228958333335 0.17256339375000002 0.1518754322916667
c-1-h-o-g 0.646081415625 0.18380041510416667 0.14465230312500002 0.1328247625
c-2-h-s-g 0.4488610903645834 0.15805073958333335 0.15084940572916666 0.1421259958333333
c-2-u-o-p 0.29734122760416665 0.17360835078125 0.18586881979166664 0.11147756614583333
