c-3-u-d-g 0.47291666666666665 0.8096354166666667 0.20104166666666667 0.15989583333333332
c-3-f-o-p 0.6205729166666667 0.7388020833333333 0.17864583333333334 0.20572916666666666
c-2-u-o-p 0.7572916666666667 0.6380208333333334 0.14583333333333334 0.19166666666666668
c-3-h-o-p 0.5096354166666667 0.6138020833333333 0.1546875 0.19114583333333332
c-2-u-d-g 0.37942708333333336 0.6390625 0.15677083333333333 0.1875
c-2-f-o-g 0.21666666666666667 0.634375 0.18854166666666666 0.2
c-2-h-d-r 0.8333333333333334 0.5036458333333333 0.14479166666666668 0.16875
c-2-u-o-r 0.6739583333333333 0.57265625 0.1375 0.18072916666666666
c-1-f-s-r 0.29713541666666665 0.5268229166666667 0.19114583333333332 0.18802083333333333
c-3-h-d-r 0.20260416666666667 0.4466145833333333 0.15729166666666666 0.17864583333333334
c-3-u-d-r 0.7270833333333333 0.4244791666666667 0.15104166666666666 0.16458333333333333
c-1-f-o-r 0.5421875 0.44244791666666666 0.128125 0.1671875
c-1-h-d-g 0.4231770833333333 0.39791666666666664 0.15052083333333333 0.16770833333333332
c-2-f-d-p 0.2864583333333333 0.3606770833333333 0.13229166666666667 0.15989583333333332
c-2-h-d-g 0.6127604166666667 0.3145833333333333 0.18177083333333333 0.15
c-1-h-o-r 0.8080729166666667 0.30963541666666666 0.14947916666666666 0.1671875
c-2-u-d-r 0.6606770833333333 0.21640625 0.15677083333333333 0.15677083333333333
c-1-u-d-g 0.43385416666666665 0.24427083333333333 0.134375 0.15416666666666667
c-1-f-d-r 0.29244791666666664 0.21848958333333332 0.16197916666666667 0.1546875
c-3-u-o-r 0.5140625 0.17994791666666668 0.146875 0.14947916666666666
