c-3-h-d-p 0.6950520833333333 0.7135416666666666 0.16510416666666666 0.21145833333333333
c-2-u-o-p 0.5036458333333333 0.6552083333333333 0.20729166666666668 0.15208333333333332
c-1-h-d-g 0.36432291666666666 0.7315104166666667 0.17552083333333332 0.21614583333333334
c-1-f-o-g 0.203125 0.66171875 0.228125 0.15052083333333333
c-2-u-d-p 0.8286458333333333 0.5721354166666667 0.19479166666666667 0.18802083333333333
c-1-u-d-p 0.5203125 0.515625 0.171875 0.18229166666666666
c-2-h-o-p 0.175 0.528125 0.2 0.16875
c-3-f-d-g 0.6625 0.42682291666666666 0.19375 0.16822916666666668
c-3-f-d-p 0.34348958333333335 0.49609375 0.12760416666666666 0.15572916666666667
c-3-f-o-r 0.09869791666666666 0.43776041666666665 0.18802083333333333 0.1421875
c-3-f-o-p 0.8294270833333334 0.3690104166666667 0.1703125 0.15677083333333333
c-1-u-d-g 0.4713541666666667 0.36875 0.115625 0.14895833333333333
c-3-u-o-r 0.3078125 0.30807291666666664 0.14895833333333333 0.1390625
c-2-h-d-p 0.15 0.3268229166666667 0.12604166666666666 0.1359375
c-2-h-d-r 0.6658854166666667 0.29583333333333334 0.1265625 0.13020833333333334
c-3-h-d-g 0.7770833333333333 0.21067708333333332 0.1375 0.11510416666666666
c-3-u-d-g 0.43385416666666665 0.24140625 0.12083333333333333 0.12760416666666666
c-3-u-d-g 0.2565104166666667 0.18958333333333333 0.14427083333333332 0.11770833333333333
c-2-f-o-g 0.5841145833333333 0.16822916666666668 0.1609375 0.10208333333333333
c-2-u-d-g 0.4546875 0.12890625 0.10104166666666667 0.09739583333333333
