c-2-h-o-p 0.7434895833333334 0.7947916666666667 0.23489583333333333 0.15
c-3-u-o-g 0.5325520833333334 0.7348958333333333 0.2328125 0.2125
c-1-h-d-g 0.33619791666666665 0.7559895833333333 0.23489583333333333 0.1890625
c-2-f-d-r 0.7255208333333333 0.6565104166666667 0.21458333333333332 0.14635416666666667
c-2-f-o-p 0.8109375 0.5223958333333333 0.19479166666666667 0.21041666666666667
c-1-f-o-g 0.6114583333333333 0.5557291666666667 0.21979166666666666 0.19583333333333333
c-1-h-o-r 0.42161458333333335 0.60625 0.22447916666666667 0.2
c-2-h-d-g 0.21015625 0.59375 0.20572916666666666 0.21770833333333334
c-2-u-d-p 0.33515625 0.49635416666666665 0.21927083333333333 0.184375
c-1-f-d-g 0.690625 0.4234375 0.19479166666666667 0.18125
c-2-u-o-g 0.5143229166666666 0.4236979166666667 0.1328125 0.17239583333333333
c-2-u-o-p 0.19713541666666667 0.4270833333333333 0.1890625 0.18854166666666666
c-2-h-d-p 0.64609375 0.3033854166666667 0.17239583333333333 0.16510416666666666
c-2-u-d-g 0.35390625 0.36484375 0.19427083333333334 0.1640625
c-1-u-o-g 0.24635416666666668 0.28671875 0.19479166666666667 0.14114583333333333
c-1-f-d-p 0.521875 0.25026041666666665 0.12291666666666666 0.14739583333333334
c-2-h-o-r 0.7205729166666667 0.20963541666666666 0.12239583333333333 0.14635416666666667
c-2-h-d-r 0.6046875 0.153125 0.13854166666666667 0.13541666666666666
c-3-h-d-g 0.4078125 0.22760416666666666 0.14583333333333334 0.14895833333333333
c-3-u-o-r 0.2911458333333333 0.17734375 0.17708333333333334 0.11302083333333333
