26 0.3606770833333333 0.7572916666666667 0.22552083333333334 0.21875
68 0.5341145833333333 0.6598958333333333 0.21614583333333334 0.171875
77 0.6955729166666667 0.68828125 0.14114583333333333 0.20677083333333332
48 0.38619791666666664 0.5830729166666667 0.20885416666666667 0.19010416666666666
58 0.21927083333333333 0.6216145833333333 0.21875 0.18489583333333334
39 0.8401041666666667 0.540625 0.16875 0.18645833333333334
12 0.7046875 0.49270833333333336 0.17708333333333334 0.17916666666666667
13 0.5651041666666666 0.4822916666666667 0.15833333333333333 0.17395833333333333
24 0.3958333333333333 0.4700520833333333 0.19791666666666666 0.16822916666666668
51 0.21119791666666668 0.4752604166666667 0.1984375 0.1640625
23 0.80859375 0.37135416666666665 0.18802083333333333 0.14375
32 0.6875 0.3419270833333333 0.159375 0.14947916666666666
12 0.5372395833333333 0.37083333333333335 0.17552083333333332 0.10625
52 0.35520833333333335 0.37057291666666664 0.18541666666666667 0.14635416666666667
57 0.6442708333333333 0.2526041666666667 0.14583333333333334 0.14166666666666666
67 0.48828125 0.27421875 0.17864583333333334 0.12864583333333332
57 0.3072916666666667 0.2916666666666667 0.17604166666666668 0.12395833333333334
8 0.746875 0.21171875 0.125 0.12239583333333333
7 0.534375 0.171875 0.14791666666666667 0.12395833333333334
75 0.3921875 0.17239583333333333 0.14270833333333333 0.12395833333333334
