5 0.66171875 0.76171875 0.1921875 0.24114583333333334
21 0.496875 0.7927083333333333 0.215625 0.25625
32 0.34791666666666665 0.7385416666666667 0.24895833333333334 0.21770833333333334
32 0.1921875 0.6471354166666666 0.21979166666666666 0.2265625
13 0.76953125 0.6174479166666667 0.1484375 0.21302083333333333
58 0.6203125 0.5877604166666667 0.21770833333333334 0.21302083333333333
66 0.46796875 0.5825520833333333 0.23072916666666668 0.20677083333333332
26 0.33645833333333336 0.5 0.221875 0.171875
31 0.7567708333333333 0.4244791666666667 0.165625 0.17916666666666667
32 0.6255208333333333 0.4322916666666667 0.171875 0.18229166666666666
68 0.47369791666666666 0.39921875 0.1359375 0.1640625
58 0.30416666666666664 0.37786458333333334 0.21041666666666667 0.16614583333333333
14 0.734375 0.26458333333333334 0.128125 0.146875
39 0.6065104166666667 0.2994791666666667 0.1421875 0.16354166666666667
67 0.26276041666666666 0.29401041666666666 0.19114583333333332 0.17135416666666667
15 0.4359375 0.24583333333333332 0.13333333333333333 0.15416666666666667
80 0.6252604166666667 0.18776041666666668 0.16822916666666668 0.14010416666666667
75 0.5190104166666667 0.17526041666666667 0.16302083333333334 0.14322916666666666
25 0.3848958333333333 0.15208333333333332 0.146875 0.14166666666666666
3 0.2752604166666667 0.17786458333333333 0.14739583333333334 0.14739583333333334
