c-3-u-s-g 0.30931949635416667 0.30384531822916666 0.2055104572916667 0.15399136562500002
c-1-f-s-g 0.6689287184895834 0.36612065624999995 0.15358645156250006 0.1718681333333333
c-1-f-o-g 0.6990365981770833 0.55496074375 0.21294288593750005 0.20012718854166672
c-1-u-o-g 0.6552804786458334 0.78218193046875 0.25647179270833326 0.25124142968749996
c-2-u-d-g 0.15701585208333332 0.40239475572916666 0.23543455625 0.16415052395833332
c-3-f-d-g 0.4604291440104166 0.24200379062500002 0.17457831718749997 0.15092995937499998
c-2-h-d-p 0.6775551796875 0.20063146744791668 0.15894082395833328 0.13456114114583334
c-3-h-d-p 0.8274171510416667 0.49727133125 0.14261748020833334 0.19075295104166667
c-3-u-s-p 0.5832177799479167 0.2744707505208333 0.16313012447916667 0.15837070104166667
c-1-u-s-p 0.769558334375 0.31571083854166665 0.13246650729166673 0.152132209375
c-1-h-s-p 0.8101187705729167 0.69812771484375 0.22149499218750002 0.2317079546875
c-1-h-o-p 0.29999069375 0.7381222091145834 0.264672771875 0.20634504947916668
c-1-u-o-p 0.5125865937499999 0.8614912348958333 0.29742685937499996 0.23511638645833344
c-1-f-d-p 0.36539764401041663 0.401682075 0.19745826718749998 0.18479541145833334
c-1-u-d-p 0.3157831270833333 0.18871229479166668 0.201201359375 0.11444101354166668
c-3-u-o-r 0.5076701322916667 0.43729101822916666 0.13817612291666664 0.17909399687500002
c-1-f-o-r 0.3152543067708333 0.5774048013020834 0.2442675270833333 0.20579970677083334
c-3-f-s-r 0.5303703466145834 0.6515787442708333 0.24290412239583337 0.22030518854166664
c-2-u-s-r 0.14871163385416666 0.5344832580729167 0.24838247291666668 0.20819590885416664
c-2-u-o-r 0.16823270729166667 0.2702566940104167 0.211579553125 0.15101671197916663
