49 0.4596354166666667 0.8791666666666667 0.23697916666666666 0.215625
30 0.8286458333333333 0.6875 0.20104166666666667 0.21458333333333332
53 0.66875 0.7546875 0.22604166666666667 0.20520833333333333
76 0.39765625 0.7463541666666667 0.20989583333333334 0.15625
44 0.2 0.7385416666666667 0.16770833333333332 0.21770833333333334
77 0.58359375 0.6471354166666666 0.2203125 0.18489583333333334
48 0.7645833333333333 0.5591145833333333 0.1875 0.1984375
77 0.43828125 0.5817708333333333 0.1953125 0.13020833333333334
76 0.27005208333333336 0.5643229166666667 0.1546875 0.19635416666666666
66 0.7138020833333333 0.39114583333333336 0.1578125 0.18020833333333333
48 0.5674479166666667 0.48489583333333336 0.1390625 0.17916666666666667
78 0.4401041666666667 0.46145833333333336 0.14166666666666666 0.184375
22 0.29244791666666664 0.4328125 0.20572916666666666 0.15104166666666666
68 0.41380208333333335 0.3151041666666667 0.19322916666666667 0.153125
35 0.26588541666666665 0.29739583333333336 0.1671875 0.165625
52 0.5877604166666667 0.30104166666666665 0.19114583333333332 0.14375
8 0.71875 0.23255208333333333 0.18333333333333332 0.16197916666666667
59 0.5364583333333334 0.18932291666666667 0.17083333333333334 0.15364583333333334
6 0.40286458333333336 0.20833333333333334 0.1859375 0.11875
23 0.24479166666666666 0.16875 0.178125 0.14583333333333334
