67 0.7432291666666667 0.825 0.23125 0.23020833333333332
30 0.4765625 0.8729166666666667 0.221875 0.24270833333333333
48 0.29244791666666664 0.82421875 0.22864583333333333 0.2328125
21 0.6341145833333334 0.71171875 0.19010416666666666 0.22135416666666666
30 0.8401041666666667 0.5916666666666667 0.16458333333333333 0.20625
34 0.44192708333333336 0.6669270833333333 0.17447916666666666 0.20885416666666667
76 0.16770833333333332 0.6565104166666667 0.221875 0.19114583333333332
24 0.3140625 0.61328125 0.17291666666666666 0.2015625
49 0.7234375 0.4901041666666667 0.13125 0.17291666666666666
35 0.5260416666666666 0.48802083333333335 0.18333333333333332 0.1875
23 0.20572916666666666 0.47552083333333334 0.15520833333333334 0.17604166666666668
14 0.8416666666666667 0.38984375 0.1625 0.17864583333333334
50 0.73515625 0.31927083333333334 0.13697916666666668 0.16145833333333334
13 0.5565104166666667 0.36484375 0.19114583333333332 0.13072916666666667
62 0.34739583333333335 0.41458333333333336 0.13125 0.16145833333333334
25 0.2830729166666667 0.27838541666666666 0.1265625 0.1421875
57 0.4453125 0.25703125 0.11875 0.14322916666666666
75 0.6966145833333334 0.16328125 0.14322916666666666 0.14322916666666666
58 0.5721354166666667 0.22395833333333334 0.15364583333333334 0.15416666666666667
41 0.4317708333333333 0.11901041666666666 0.12395833333333334 0.1328125
