c-2-u-d-r 0.76953125 0.69609375 0.1796875 0.2140625
c-3-u-d-p 0.5536458333333333 0.7341145833333333 0.18645833333333334 0.2203125
c-3-f-o-g 0.40625 0.7739583333333333 0.20104166666666667 0.23125
c-1-h-d-p 0.28958333333333336 0.6885416666666667 0.209375 0.15833333333333333
c-1-f-d-p 0.7908854166666667 0.5299479166666666 0.13177083333333334 0.18072916666666666
c-1-h-d-r 0.6229166666666667 0.5658854166666667 0.20104166666666667 0.1734375
c-2-f-o-g 0.43645833333333334 0.5403645833333334 0.15208333333333332 0.18489583333333334
c-3-h-d-p 0.2515625 0.53828125 0.2125 0.1515625
c-3-h-d-r 0.7622395833333333 0.39296875 0.1921875 0.15364583333333334
c-1-u-d-r 0.6325520833333333 0.4356770833333333 0.1796875 0.13177083333333334
c-1-f-d-g 0.4791666666666667 0.39010416666666664 0.165625 0.165625
c-2-u-d-p 0.3419270833333333 0.4200520833333333 0.12447916666666667 0.1546875
c-2-h-d-g 0.2109375 0.41744791666666664 0.19375 0.12239583333333333
c-2-h-d-p 0.6942708333333333 0.31328125 0.153125 0.1546875
c-3-h-o-r 0.5677083333333334 0.3067708333333333 0.175 0.13541666666666666
c-1-u-d-g 0.40182291666666664 0.29140625 0.18177083333333333 0.12239583333333333
c-1-h-o-p 0.23046875 0.3151041666666667 0.1890625 0.12083333333333333
c-3-u-d-g 0.63125 0.1921875 0.15 0.14270833333333333
c-1-u-d-p 0.5013020833333334 0.2046875 0.16510416666666666 0.1375
c-2-u-d-g 0.31640625 0.2078125 0.1390625 0.140625
