c-3-h-d-r 0.8234375 0.6473958333333333 0.21145833333333333 0.22395833333333334
c-1-u-d-g 0.7080729166666667 0.7075520833333333 0.1953125 0.2296875
c-3-h-d-p 0.53046875 0.7770833333333333 0.1671875 0.221875
c-2-u-d-p 0.3614583333333333 0.77890625 0.20729166666666668 0.24114583333333334
c-1-h-o-r 0.20677083333333332 0.7080729166666667 0.18020833333333333 0.22864583333333333
c-1-h-d-r 0.7815104166666667 0.4903645833333333 0.19947916666666668 0.1921875
c-3-h-o-g 0.6052083333333333 0.5903645833333333 0.21666666666666667 0.20364583333333333
c-3-h-d-p 0.34869791666666666 0.5856770833333333 0.2046875 0.13072916666666667
c-1-f-d-p 0.1578125 0.5497395833333333 0.178125 0.20885416666666667
c-3-f-o-r 0.6356770833333333 0.39479166666666665 0.1265625 0.16770833333333332
c-2-f-d-p 0.48802083333333335 0.4153645833333333 0.15208333333333332 0.17760416666666667
c-1-h-d-g 0.26953125 0.44296875 0.19947916666666668 0.14322916666666666
c-2-u-d-g 0.14010416666666667 0.3736979166666667 0.196875 0.17864583333333334
c-2-h-d-r 0.7080729166666667 0.3140625 0.1546875 0.1625
c-3-f-o-p 0.36015625 0.31484375 0.19739583333333333 0.14635416666666667
c-3-u-o-g 0.2390625 0.27630208333333334 0.1625 0.16197916666666667
c-3-u-o-r 0.58359375 0.23463541666666668 0.1203125 0.15989583333333332
c-2-f-d-g 0.4861979166666667 0.17369791666666667 0.13385416666666666 0.15052083333333333
c-2-f-d-r 0.3606770833333333 0.1875 0.18489583333333334 0.153125
c-3-u-o-p 0.22604166666666667 0.1453125 0.19166666666666668 0.13854166666666667
