49 0.8125 0.7713541666666667 0.17395833333333333 0.19479166666666667
69 0.646875 0.8286458333333333 0.1875 0.17395833333333333
77 0.40260416666666665 0.8609375 0.175 0.18541666666666667
23 0.19947916666666668 0.83984375 0.18854166666666666 0.18385416666666668
49 0.5338541666666666 0.70390625 0.12395833333333334 0.17552083333333332
25 0.3494791666666667 0.7026041666666667 0.18541666666666667 0.1625
17 0.20052083333333334 0.6583333333333333 0.16770833333333332 0.12395833333333334
40 0.89140625 0.6010416666666667 0.14010416666666667 0.17604166666666668
40 0.7028645833333333 0.61640625 0.17135416666666667 0.17760416666666667
41 0.7635416666666667 0.4908854166666667 0.13125 0.1765625
67 0.4856770833333333 0.5846354166666666 0.14427083333333332 0.17447916666666666
14 0.37005208333333334 0.53671875 0.18489583333333334 0.16510416666666666
15 0.23098958333333333 0.48359375 0.16927083333333334 0.13802083333333334
76 0.10520833333333333 0.4973958333333333 0.13020833333333334 0.16354166666666667
50 0.5736979166666667 0.41458333333333336 0.15364583333333334 0.18020833333333333
79 0.40130208333333334 0.3848958333333333 0.16197916666666667 0.16770833333333332
13 0.2296875 0.3299479166666667 0.17604166666666668 0.15677083333333333
71 0.6848958333333334 0.28151041666666665 0.1625 0.17552083333333332
21 0.49973958333333335 0.28958333333333336 0.15885416666666666 0.16458333333333333
75 0.36354166666666665 0.25807291666666665 0.12083333333333333 0.15677083333333333
