c-2-u-o-p 0.7673170088541668 0.5115433692708333 0.20019327812499993 0.194508425
c-3-f-s-p 0.608431975 0.26003341666666663 0.1483808520833333 0.15111173020833332
c-1-u-d-g 0.23815535703125 0.8368017197916667 0.2689116317708333 0.2425942739583334
c-2-f-s-g 0.70706612265625 0.6692530312499999 0.2370581942708333 0.19887123125
c-3-f-d-g 0.5718005338541666 0.5546674091145835 0.16616671875000003 0.2030935921875
c-3-h-d-g 0.36861812265625 0.48638699843750005 0.20314728385416667 0.1952438354166667
c-3-u-s-g 0.3195282856770833 0.3670440515625 0.20797279635416668 0.15655279166666666
c-2-f-s-r 0.4851083278645833 0.7654268901041665 0.2465191838541666 0.24056167604166667
c-1-f-d-r 0.6519257703125 0.8613590239583334 0.2618262291666667 0.19832178749999999
c-3-f-d-r 0.3839850346354166 0.6510891278645834 0.23807037656249996 0.21402950260416667
c-3-h-s-r 0.19936107786458332 0.65340687421875 0.24668444010416665 0.22755591093750002
c-3-f-o-r 0.4816854635416667 0.36898581171875 0.16500164687500002 0.16339454635416667
c-2-u-o-r 0.6538489658854166 0.39100848828125 0.15417315156250003 0.17070309322916669
c-2-f-d-r 0.46867966640625 0.22157379791666668 0.15162407552083337 0.1471042635416667
c-2-h-s-r 0.15616475963541668 0.5132496992187501 0.23369105260416667 0.18924500156250001
c-2-h-d-r 0.17966235859375 0.3013829947916667 0.18468798802083336 0.15932087916666665
c-2-h-o-r 0.21737831848958333 0.1667371390625 0.19330618385416665 0.127537671875
c-1-u-d-r 0.33768599036458335 0.22213154635416668 0.16133704218750003 0.13775887499999998
c-2-u-d-r 0.37961395598958336 0.1288290578125 0.1739999453125 0.0945399125
c-3-u-d-r 0.6148191929687499 0.15045096067708333 0.17182264322916663 0.09969177239583334
