50 0.30287899166666665 0.30296233489583335 0.16063586875000002 0.18234615312500002
22 0.6352392356770833 0.3703989505208334 0.22032887135416665 0.14084068958333334
29 0.6899463971354166 0.5495557466145833 0.20394153593750003 0.1467673619791667
44 0.5363114356770834 0.60755964921875 0.17678241718749999 0.11622263593750001
76 0.5129954177083333 0.4808912278645833 0.18997303645833336 0.15798365260416675
77 0.4238059838541667 0.40110483177083334 0.18500204062499997 0.14851945208333336
56 0.3774591286458333 0.6449275333333334 0.1717928885416667 0.11110343958333337
79 0.30183256484375 0.5225559234375 0.17796036406249996 0.14688593541666664
3 0.20809062317708335 0.3888439494791667 0.17477474218750003 0.16313622812499998
47 0.15515406536458334 0.46971012760416664 0.17581934114583334 0.1602173489583333
27 0.17895347682291668 0.6224597294270834 0.1767305609375 0.17079645781249997
25 0.18422639765624998 0.7369433083333334 0.18107558072916669 0.17450434375000004
6 0.3478515546875 0.7512785276041666 0.19001008645833334 0.1686813989583334
65 0.5439994971354167 0.7687863666666667 0.18583917656249996 0.21643206249999997
63 0.6786782583333333 0.7259936968749999 0.18318328854166666 0.21464290625
60 0.8277681669270833 0.6845660526041667 0.1865096411458333 0.21526527395833336
69 0.9091028848958334 0.5575697739583333 0.18179423020833335 0.21198701875
1 0.7698902130208334 0.43646874427083326 0.19737777708333332 0.20611219374999995
31 0.5974657377604167 0.24949979791666668 0.19486255677083342 0.15847632083333332
56 0.45979215312500005 0.2795055546875 0.19364760729166672 0.162880675
