13 0.77578125 0.7919270833333333 0.20260416666666667 0.2578125
39 0.5552083333333333 0.7755208333333333 0.24791666666666667 0.22395833333333334
51 0.3614583333333333 0.8263020833333333 0.2520833333333333 0.25677083333333334
42 0.2877604166666667 0.7 0.2453125 0.20416666666666666
70 0.8526041666666667 0.5505208333333333 0.1625 0.19895833333333332
21 0.7109375 0.6260416666666667 0.203125 0.23125
33 0.5729166666666666 0.5911458333333334 0.22708333333333333 0.2
61 0.3958333333333333 0.5606770833333333 0.23020833333333332 0.20052083333333334
71 0.19661458333333334 0.5544270833333333 0.16927083333333334 0.21614583333333334
16 0.7127604166666667 0.45208333333333334 0.22447916666666667 0.16770833333333332
7 0.31640625 0.434375 0.2171875 0.17083333333333334
5 0.6169270833333333 0.375 0.20885416666666667 0.18333333333333332
79 0.48385416666666664 0.41692708333333334 0.1375 0.18072916666666666
24 0.43046875 0.28619791666666666 0.19114583333333332 0.1546875
57 0.29348958333333336 0.31354166666666666 0.20364583333333333 0.16666666666666666
31 0.7231770833333333 0.25677083333333334 0.14427083333333332 0.16145833333333334
40 0.5895833333333333 0.2140625 0.18229166666666666 0.16458333333333333
22 0.23828125 0.21276041666666667 0.19322916666666667 0.1515625
66 0.4942708333333333 0.14583333333333334 0.16979166666666667 0.15208333333333332
62 0.3828125 0.16614583333333333 0.11979166666666667 0.14479166666666668
