c-3-h-d-p 0.6448858260416667 0.8801577888020833 0.15624224375000004 0.21265449531249997
c-2-u-o-p 0.47203955651041674 0.8017100651041666 0.19907566718750005 0.1663735708333333
c-1-h-s-g 0.34030299973958333 0.8613340377604166 0.1620372296875 0.2189208984375
c-1-f-o-g 0.19992556953125 0.7781570752604167 0.21135803072916665 0.16228771197916672
c-2-u-d-p 0.7871858598958333 0.7511541364583333 0.15271619166666664 0.194135284375
c-1-u-s-p 0.506757625 0.6526746114583334 0.17185424166666668 0.20032310520833338
c-3-f-d-p 0.33480270703125004 0.6106686911458332 0.14327732760416667 0.18266817708333333
c-2-h-o-p 0.17532163854166663 0.6338312466145833 0.19560363333333333 0.18938147239583333
c-3-f-o-p 0.826724084375 0.5218440690104167 0.15786291770833336 0.1777081171875
c-3-f-s-g 0.6583025932291666 0.5728616395833334 0.17842019375000007 0.19173870104166663
c-1-u-d-g 0.47131276119791665 0.4801181158854167 0.13593053802083332 0.16350072239583333
c-3-f-o-r 0.10727288671875 0.5237593651041667 0.18599289322916665 0.1484977083333333
c-2-h-d-r 0.6835203169270834 0.4153916200520833 0.1397708890625 0.17176090885416664
c-3-u-d-g 0.45369219791666665 0.30704104088541667 0.13452603020833334 0.15683161406249999
c-3-u-o-r 0.3206885973958334 0.3877109684895833 0.15329570729166667 0.16988000885416668
c-2-h-s-p 0.15541506197916669 0.38806207994791664 0.12592200416666666 0.16048536302083333
c-3-h-d-g 0.8134767213541667 0.31687523541666673 0.12924671145833339 0.14425462083333335
c-2-f-o-g 0.6196066539062499 0.23142693828125 0.17559636406249995 0.1433657328125
c-3-u-s-g 0.27393870364583334 0.22113111822916665 0.14713246041666667 0.15706243541666665
c-2-u-d-g 0.4871899127604166 0.16339538880208332 0.1145089786458333 0.13548854218749998
