11 0.7136041005208333 0.5371253013020834 0.15114479062499994 0.18484083802083334
14 0.5378855067708334 0.24332792760416666 0.14600531250000007 0.1310783541666667
17 0.60672772734375 0.14379936041666666 0.10954933177083331 0.11274714479166664
23 0.4600718020833333 0.42415504453124997 0.1467282927083333 0.16710866302083335
21 0.7345278421875 0.6826739945312499 0.1872247062499999 0.22173875156250003
4 0.5493688265625 0.71329631796875 0.18510939270833332 0.22862180052083345
5 0.2816883802083333 0.5451816239583334 0.1867702322916667 0.19823500312500003
13 0.30896005625 0.3856974919270833 0.1846466697916667 0.16926116927083334
71 0.6674537658854167 0.23834746692708333 0.14786020885416656 0.1397998171875
59 0.4010189692708333 0.29057927916666665 0.1663733166666667 0.13846538854166665
70 0.8486548424479168 0.4802270411458333 0.1204936348958333 0.17496665312499993
40 0.7539559682291668 0.3897422315104167 0.11303634687499992 0.14776112239583336
49 0.5984689872395833 0.32376303671875 0.19117848072916666 0.13674669218749996
46 0.6098986466145834 0.43478733697916666 0.1771770161458333 0.16562550833333337
53 0.5240534145833333 0.5678798039062499 0.18224633541666665 0.20025939947916663
30 0.35136108385416664 0.6829074541666666 0.1936036427083333 0.22618007708333335
32 0.8879841169270832 0.32471324609375 0.15357405364583332 0.14271256093749998
34 0.48813047421874994 0.12730456979166668 0.10193093593749995 0.11210673645833331
41 0.40170067161458334 0.1944033544270833 0.1785610515625 0.10975184427083334
