50 0.7549479166666667 0.6614583333333334 0.20572916666666666 0.18958333333333333
52 0.5794270833333334 0.7106770833333333 0.2015625 0.19322916666666667
23 0.39140625 0.7049479166666667 0.19010416666666666 0.1390625
67 0.2109375 0.7390625 0.196875 0.209375
25 0.18880208333333334 0.5958333333333333 0.19739583333333333 0.14166666666666666
31 0.7286458333333333 0.4921875 0.184375 0.18229166666666666
12 0.61171875 0.51953125 0.14427083333333332 0.1796875
44 0.44140625 0.5184895833333333 0.14114583333333333 0.1796875
79 0.3138020833333333 0.49765625 0.1921875 0.14739583333333334
77 0.8205729166666667 0.39895833333333336 0.12447916666666667 0.16041666666666668
39 0.5505208333333333 0.38619791666666664 0.153125 0.17135416666666667
6 0.2557291666666667 0.3885416666666667 0.11875 0.15520833333333334
34 0.12005208333333334 0.37786458333333334 0.18802083333333333 0.1546875
50 0.75 0.23385416666666667 0.15104166666666666 0.1625
5 0.6411458333333333 0.27109375 0.17916666666666667 0.15260416666666668
61 0.41744791666666664 0.29791666666666666 0.14635416666666667 0.15833333333333333
69 0.3223958333333333 0.25494791666666666 0.12395833333333334 0.14635416666666667
43 0.23958333333333334 0.21197916666666666 0.171875 0.14583333333333334
31 0.5028645833333333 0.16692708333333334 0.11822916666666666 0.1421875
32 0.6609375 0.14244791666666667 0.13645833333333332 0.14947916666666666
