c-1-f-d-g 0.528125 0.8096354166666667 0.240625 0.2046875
c-2-u-o-p 0.19322916666666667 0.8330729166666667 0.25104166666666666 0.23802083333333332
c-1-u-d-g 0.7169270833333333 0.6989583333333333 0.19947916666666668 0.23333333333333334
c-2-u-d-r 0.42916666666666664 0.70703125 0.234375 0.2296875
c-3-h-d-r 0.23984375 0.6794270833333333 0.21614583333333334 0.1453125
c-3-h-o-g 0.5911458333333334 0.60390625 0.18020833333333333 0.21197916666666666
c-3-h-d-g 0.7359375 0.49765625 0.16770833333333332 0.2046875
c-1-h-d-g 0.5002604166666667 0.48932291666666666 0.15677083333333333 0.18385416666666668
c-3-u-d-g 0.32760416666666664 0.55390625 0.221875 0.18385416666666668
c-2-f-d-p 0.15807291666666667 0.47369791666666666 0.21927083333333333 0.1546875
c-3-h-d-r 0.6203125 0.41432291666666665 0.13854166666666667 0.18177083333333333
c-1-h-d-r 0.71640625 0.3145833333333333 0.16197916666666667 0.171875
c-3-u-o-r 0.3484375 0.4046875 0.19479166666666667 0.18541666666666667
c-2-f-o-g 0.225 0.35260416666666666 0.18645833333333334 0.10729166666666666
c-2-u-o-r 0.5028645833333333 0.3223958333333333 0.19739583333333333 0.15416666666666667
c-1-f-d-g 0.62421875 0.24322916666666666 0.15364583333333334 0.16145833333333334
c-3-u-d-r 0.32395833333333335 0.25338541666666664 0.1875 0.11822916666666666
c-2-h-o-r 0.4796875 0.17630208333333333 0.18020833333333333 0.1171875
c-3-h-d-g 0.6059895833333333 0.13984375 0.18489583333333334 0.12447916666666667
c-3-f-o-r 0.35078125 0.14583333333333334 0.18802083333333333 0.14270833333333333
