23 0.6489583333333333 0.7825520833333334 0.21354166666666666 0.1921875
14 0.7604166666666666 0.65234375 0.16770833333333332 0.20364583333333333
52 0.50078125 0.7083333333333334 0.21302083333333333 0.17395833333333333
76 0.34401041666666665 0.7427083333333333 0.2078125 0.17395833333333333
8 0.6075520833333333 0.6244791666666667 0.18385416666666668 0.13020833333333334
71 0.23697916666666666 0.6432291666666666 0.19583333333333333 0.12604166666666666
48 0.7234375 0.5083333333333333 0.14895833333333333 0.17708333333333334
7 0.6190104166666667 0.4828125 0.14427083333333332 0.16979166666666667
33 0.47239583333333335 0.5244791666666667 0.153125 0.17916666666666667
30 0.3190104166666667 0.52890625 0.1984375 0.1609375
30 0.50625 0.3875 0.146875 0.15520833333333334
61 0.36171875 0.4044270833333333 0.1484375 0.16197916666666667
24 0.225 0.4510416666666667 0.18229166666666666 0.171875
67 0.6544270833333333 0.34348958333333335 0.17447916666666666 0.1296875
49 0.2578125 0.3104166666666667 0.178125 0.13541666666666666
39 0.5268229166666667 0.2546875 0.15572916666666667 0.13229166666666667
41 0.41432291666666665 0.24114583333333334 0.16927083333333334 0.12916666666666668
16 0.28932291666666665 0.20234375 0.16927083333333334 0.12447916666666667
57 0.6377604166666667 0.21276041666666667 0.11302083333333333 0.12864583333333332
5 0.5231770833333333 0.15729166666666666 0.13072916666666667 0.11979166666666667
