51 0.7200520833333334 0.7549479166666667 0.2046875 0.2265625
60 0.5890625 0.71171875 0.18020833333333333 0.22552083333333334
70 0.4328125 0.7388020833333333 0.21041666666666667 0.1671875
22 0.26484375 0.7552083333333334 0.20885416666666667 0.15416666666666667
42 0.7341145833333333 0.5877604166666667 0.21302083333333333 0.18802083333333333
35 0.20026041666666666 0.63125 0.2140625 0.19166666666666668
43 0.490625 0.5533854166666666 0.17083333333333334 0.19427083333333334
69 0.34375 0.5606770833333333 0.15625 0.1890625
50 0.659375 0.4703125 0.128125 0.17291666666666666
40 0.36171875 0.42265625 0.14427083333333332 0.15364583333333334
79 0.2421875 0.4635416666666667 0.18541666666666667 0.18645833333333334
49 0.46536458333333336 0.38046875 0.14010416666666667 0.1609375
40 0.2171875 0.3416666666666667 0.18125 0.12291666666666666
62 0.7421875 0.30572916666666666 0.14583333333333334 0.16145833333333334
34 0.61953125 0.3 0.12135416666666667 0.14479166666666668
4 0.48046875 0.23723958333333334 0.13489583333333333 0.15364583333333334
66 0.3515625 0.26979166666666665 0.15416666666666667 0.153125
13 0.24244791666666668 0.22890625 0.17760416666666667 0.11822916666666666
21 0.5838541666666667 0.19583333333333333 0.17395833333333333 0.14166666666666666
66 0.38828125 0.16822916666666668 0.16510416666666666 0.09895833333333333
