c-1-h-d-r 0.40130208333333334 0.8510416666666667 0.14739583333333334 0.21770833333333334
c-2-h-d-p 0.5596354166666667 0.7203125 0.14322916666666666 0.20729166666666668
c-2-u-d-r 0.31223958333333335 0.7348958333333333 0.18697916666666667 0.22291666666666668
c-1-f-d-p 0.7528645833333333 0.6138020833333333 0.1484375 0.1859375
c-3-h-d-r 0.6216145833333333 0.5658854166666667 0.1546875 0.19114583333333332
c-2-f-d-g 0.44453125 0.6036458333333333 0.18177083333333333 0.20208333333333334
c-2-u-o-g 0.2526041666666667 0.6192708333333333 0.20104166666666667 0.20625
c-3-h-o-r 0.7244791666666667 0.4596354166666667 0.19479166666666667 0.18385416666666668
c-2-u-d-r 0.5354166666666667 0.43984375 0.175 0.18072916666666666
c-3-h-d-g 0.38203125 0.46458333333333335 0.19739583333333333 0.16354166666666667
c-1-u-d-g 0.16145833333333334 0.46380208333333334 0.13020833333333334 0.16822916666666668
c-2-h-d-g 0.72578125 0.27838541666666666 0.15677083333333333 0.1453125
c-3-f-d-g 0.6354166666666666 0.3216145833333333 0.11979166666666667 0.1421875
c-3-f-d-g 0.2859375 0.38828125 0.15 0.16302083333333334
c-1-h-o-p 0.4505208333333333 0.34322916666666664 0.14583333333333334 0.15416666666666667
c-2-h-o-g 0.5270833333333333 0.24947916666666667 0.14583333333333334 0.14270833333333333
c-1-u-d-r 0.61484375 0.14140625 0.15677083333333333 0.1328125
c-1-u-d-p 0.46067708333333335 0.17708333333333334 0.1109375 0.12604166666666666
c-1-u-o-p 0.36770833333333336 0.2453125 0.11354166666666667 0.13229166666666667
c-3-u-d-p 0.2630208333333333 0.24791666666666667 0.125 0.13541666666666666
