43 0.7064127924479167 0.88896802265625 0.20194861093750008 0.1493423463541666
12 0.51883370078125 0.8203840255208334 0.19608491302083333 0.13339653020833342
48 0.31816926796875006 0.8968550364583334 0.1968559421875 0.16467437708333332
59 0.18875805520833333 0.78273166015625 0.18802115104166664 0.14240322135416672
59 0.37898418125 0.6728046416666668 0.1919204395833333 0.15603599583333327
12 0.21161366718750002 0.62584845234375 0.19690015312500003 0.16308326718750005
78 0.83856439609375 0.6802717528645833 0.20389830260416666 0.1757731755208333
31 0.6869801520833333 0.5996435802083333 0.14142589583333323 0.18180389375000003
7 0.5611907481770833 0.5952802020833333 0.13053344114583337 0.17859700520833327
16 0.40043772083333334 0.5549095950520833 0.19050118124999998 0.14876286197916666
66 0.18792071328125 0.5202873388020833 0.18474550260416667 0.12981640468749997
34 0.7960354169270834 0.40248807265625003 0.16912860885416675 0.11950340260416663
5 0.6295636494791667 0.4346917151041667 0.18188730833333341 0.1484829583333334
53 0.5544626872395834 0.38248324401041667 0.19121322656250003 0.14080222447916668
44 0.37138694140625 0.38895832708333333 0.1811065036458333 0.16931031562500004
6 0.17669671354166666 0.3974248567708333 0.17456509270833334 0.10970102916666663
5 0.7040874481770832 0.24569330234375003 0.11002031927083339 0.14730434427083336
39 0.5006189028645833 0.25043237213541664 0.15893840781249993 0.15883526822916666
4 0.35597634322916666 0.23408869895833334 0.15548111562499997 0.15484760625000002
4 0.21031961848958333 0.25582458984375 0.16577935989583334 0.16103536302083332
