33 0.2916059333333333 0.45136890416666664 0.2204126041666667 0.11625061041666669
43 0.13487336041666667 0.4311000346354167 0.17732575312499999 0.19087279635416668
28 0.2907610338541667 0.32493015911458334 0.20577486354166669 0.10053456614583337
66 0.3234696864583333 0.24916978697916664 0.19507443125 0.098489459375
58 0.480801328125 0.20068521510416665 0.18239504479166666 0.11579618437499999
39 0.36062376484374997 0.14470413515625 0.1918518859375 0.10364138281250002
61 0.4994609671875 0.10009280026041666 0.1469843864583333 0.07525836614583332
45 0.72142906171875 0.3179562966145833 0.1957313536458334 0.1369987328125
19 0.8584546091145833 0.3369278747395833 0.16677405052083336 0.13551963177083332
16 0.528058846875 0.40680095338541666 0.22817554479166666 0.16509669635416663
15 0.5955335934895832 0.56953231484375 0.24298267343750002 0.14455099114583328
2 0.7974393846354165 0.58277983671875 0.15232632968749998 0.2106251713541667
35 0.59414132421875 0.7294626234375 0.2630201973958333 0.1968096416666666
64 0.16593148723958334 0.6260711828125 0.15606945364583333 0.22470928854166666
80 0.39048795703125 0.5473423481770834 0.22536207864583335 0.13674255989583337
73 0.71883659375 0.43275672578125 0.22390365624999997 0.15593722656250003
78 0.5005062580729167 0.29253344531250003 0.2064359348958334 0.15894912083333332
72 0.6865762075520833 0.22162541536458333 0.1953264869791667 0.10931391718750003
37 0.6473729135416666 0.12513760729166667 0.1729836145833333 0.10754154479166668
42 0.8391359966145834 0.20248446484375002 0.1166843411458333 0.1314832369791667
