c-1-f-d-g 0.49895833333333334 0.8466145833333333 0.209375 0.19427083333333334
c-2-u-d-g 0.68203125 0.7872395833333333 0.1921875 0.21197916666666666
c-1-u-d-r 0.30885416666666665 0.76171875 0.196875 0.15052083333333333
c-3-f-d-g 0.7822916666666667 0.64609375 0.171875 0.19635416666666666
c-2-u-d-r 0.521875 0.696875 0.20104166666666667 0.175
c-3-u-o-p 0.2421875 0.6411458333333333 0.20520833333333333 0.175
c-1-h-d-p 0.6888020833333334 0.578125 0.14427083333333332 0.17916666666666667
c-2-u-d-r 0.41067708333333336 0.5966145833333333 0.19947916666666668 0.18177083333333333
c-2-u-d-g 0.8408854166666667 0.49609375 0.1671875 0.1796875
c-3-f-o-g 0.6138020833333333 0.51796875 0.1390625 0.17447916666666666
c-1-u-o-g 0.20416666666666666 0.521875 0.18958333333333333 0.11458333333333333
c-3-f-d-p 0.73359375 0.30546875 0.16302083333333334 0.13802083333333334
c-3-u-d-p 0.6955729166666667 0.41770833333333335 0.14010416666666667 0.15729166666666666
c-1-h-d-g 0.496875 0.4234375 0.14791666666666667 0.16041666666666668
c-1-u-d-p 0.32760416666666664 0.4354166666666667 0.16979166666666667 0.17291666666666666
c-1-h-d-r 0.15963541666666667 0.3768229166666667 0.18177083333333333 0.1328125
c-3-u-d-r 0.6265625 0.3182291666666667 0.13958333333333334 0.15833333333333333
c-1-h-d-g 0.29270833333333335 0.27890625 0.16770833333333332 0.15677083333333333
c-2-f-o-p 0.5002604166666667 0.309375 0.13697916666666668 0.15416666666666667
c-1-u-o-r 0.4119791666666667 0.2109375 0.12083333333333333 0.13854166666666667
