78 0.37526041666666665 0.9018229166666667 0.22760416666666666 0.16197916666666667
25 0.6744791666666666 0.8111979166666666 0.24583333333333332 0.18697916666666667
59 0.65625 0.6799479166666667 0.22708333333333333 0.21510416666666668
59 0.4588541666666667 0.7388020833333333 0.21666666666666667 0.1515625
22 0.20182291666666666 0.73984375 0.2203125 0.15677083333333333
68 0.21822916666666667 0.5971354166666667 0.215625 0.16510416666666666
23 0.6184895833333334 0.5059895833333333 0.2234375 0.17447916666666666
76 0.4315104166666667 0.5419270833333333 0.21927083333333333 0.15989583333333332
3 0.13880208333333333 0.4744791666666667 0.20364583333333333 0.12916666666666668
6 0.77421875 0.4778645833333333 0.1453125 0.1953125
57 0.47213541666666664 0.4283854166666667 0.18489583333333334 0.18489583333333334
31 0.30625 0.3997395833333333 0.209375 0.16302083333333334
80 0.14635416666666667 0.35598958333333336 0.20520833333333333 0.12447916666666667
67 0.7627604166666667 0.3026041666666667 0.14739583333333334 0.17291666666666666
39 0.6057291666666667 0.28932291666666665 0.196875 0.1265625
77 0.43385416666666665 0.24739583333333334 0.19895833333333332 0.159375
75 0.23489583333333333 0.25677083333333334 0.1875 0.11041666666666666
13 0.634375 0.1671875 0.18333333333333332 0.16041666666666668
31 0.42135416666666664 0.12864583333333332 0.18541666666666667 0.121875
57 0.22083333333333333 0.14348958333333334 0.18854166666666666 0.1171875
