68 0.66875 0.7869791666666667 0.24375 0.23125
57 0.8049479166666667 0.6033854166666667 0.1734375 0.21302083333333333
53 0.61484375 0.6268229166666667 0.21614583333333334 0.21197916666666666
17 0.48515625 0.7098958333333333 0.1859375 0.23333333333333334
41 0.28958333333333336 0.7388020833333333 0.22395833333333334 0.2390625
40 0.18151041666666667 0.6864583333333333 0.2359375 0.228125
6 0.13203125 0.5763020833333333 0.21614583333333334 0.2109375
49 0.42942708333333335 0.5549479166666667 0.1421875 0.19322916666666667
71 0.8169270833333333 0.35651041666666666 0.19322916666666667 0.19114583333333332
5 0.7200520833333334 0.42083333333333334 0.1890625 0.19270833333333334
39 0.5322916666666667 0.46015625 0.21458333333333332 0.1703125
4 0.2955729166666667 0.5127604166666667 0.16510416666666666 0.18802083333333333
50 0.15755208333333334 0.4200520833333333 0.19947916666666668 0.1859375
31 0.32395833333333335 0.3770833333333333 0.171875 0.178125
77 0.6611979166666667 0.24348958333333334 0.19322916666666667 0.16927083333333334
59 0.60859375 0.34036458333333336 0.17239583333333333 0.1765625
77 0.46458333333333335 0.29322916666666665 0.12604166666666666 0.16458333333333333
39 0.5309895833333333 0.15182291666666667 0.1953125 0.14010416666666667
44 0.39036458333333335 0.19453125 0.17552083333333332 0.16197916666666667
8 0.2625 0.21380208333333334 0.19375 0.1328125
