c-2-u-s-r 0.6614583333333334 0.9151041666666667 0.20625 0.16979166666666667
c-1-h-d-p 0.7510416666666667 0.81484375 0.19166666666666668 0.14114583333333333
c-3-u-d-p 0.46171875 0.8911458333333333 0.1890625 0.13541666666666666
c-2-u-d-r 0.23854166666666668 0.884375 0.196875 0.15520833333333334
c-3-f-d-p 0.6372395833333333 0.7020833333333333 0.1984375 0.19270833333333334
c-3-h-d-g 0.2955729166666667 0.7359375 0.19635416666666666 0.15520833333333334
c-3-u-d-p 0.14895833333333333 0.6677083333333333 0.20104166666666667 0.209375
c-1-h-d-r 0.8518229166666667 0.6213541666666667 0.19114583333333332 0.16041666666666668
c-3-h-o-p 0.5744791666666667 0.5229166666666667 0.175 0.19479166666666667
c-2-h-d-r 0.43984375 0.565625 0.1328125 0.18854166666666666
c-3-h-d-r 0.7372395833333333 0.5106770833333333 0.13385416666666666 0.17552083333333332
c-1-u-d-p 0.525 0.3424479166666667 0.17083333333333334 0.11927083333333334
c-2-f-d-g 0.3067708333333333 0.50625 0.16875 0.196875
c-3-u-d-r 0.16041666666666668 0.44609375 0.18854166666666666 0.18802083333333333
c-3-f-o-g 0.85859375 0.4046875 0.1921875 0.16458333333333333
c-2-h-d-g 0.7145833333333333 0.3104166666666667 0.11979166666666667 0.16666666666666666
c-2-h-d-g 0.6059895833333333 0.21171875 0.15052083333333333 0.1765625
c-2-f-d-g 0.3328125 0.2872395833333333 0.16145833333333334 0.1796875
c-1-h-d-g 0.18776041666666668 0.28177083333333336 0.1765625 0.17916666666666667
c-2-h-o-r 0.4473958333333333 0.1578125 0.14479166666666668 0.16875
