c-3-h-d-p 0.79375 0.8028645833333333 0.18020833333333333 0.25364583333333335
c-1-h-d-g 0.61171875 0.8125 0.24010416666666667 0.15729166666666666
c-3-h-d-r 0.63671875 0.6846354166666667 0.22864583333333333 0.16927083333333334
c-3-f-d-g 0.44088541666666664 0.75 0.1859375 0.253125
c-3-f-d-r 0.3140625 0.6830729166666667 0.1875 0.23489583333333333
c-3-u-o-p 0.19765625 0.6111979166666667 0.19427083333333334 0.23385416666666667
c-3-h-d-g 0.8046875 0.59453125 0.14375 0.2046875
c-2-u-d-r 0.6096354166666667 0.5682291666666667 0.23177083333333334 0.19270833333333334
c-1-u-o-p 0.44609375 0.5348958333333333 0.2234375 0.190625
c-2-h-d-r 0.2643229166666667 0.4752604166666667 0.20989583333333334 0.1328125
c-2-f-d-g 0.7145833333333333 0.4244791666666667 0.18229166666666666 0.20416666666666666
c-2-f-d-g 0.5450520833333333 0.3997395833333333 0.14635416666666667 0.17864583333333334
c-2-h-o-g 0.40208333333333335 0.37109375 0.20625 0.19739583333333333
c-1-h-d-r 0.79921875 0.296875 0.18802083333333333 0.18645833333333334
c-2-f-d-p 0.6658854166666667 0.28098958333333335 0.16614583333333333 0.1796875
c-3-f-o-p 0.24661458333333333 0.32473958333333336 0.2046875 0.13802083333333334
c-1-u-d-g 0.328125 0.22395833333333334 0.20520833333333333 0.159375
c-3-f-o-r 0.5369791666666667 0.23463541666666668 0.20416666666666666 0.17760416666666667
c-3-h-o-g 0.6596354166666667 0.1390625 0.19114583333333332 0.16979166666666667
c-3-f-d-g 0.4588541666666667 0.13489583333333333 0.18020833333333333 0.10416666666666667
