c-2-h-d-p 0.5427083333333333 0.8919270833333334 0.20208333333333334 0.21614583333333334
c-2-h-s-r 0.6895833333333333 0.7643229166666666 0.20208333333333334 0.22864583333333333
c-3-h-o-r 0.42604166666666665 0.85078125 0.23125 0.2390625
c-1-f-d-g 0.27578125 0.7908854166666667 0.20989583333333334 0.14947916666666666
c-1-h-d-r 0.5203125 0.6708333333333333 0.178125 0.21875
c-2-u-o-g 0.18697916666666667 0.7098958333333333 0.22708333333333333 0.2
c-3-f-d-g 0.40520833333333334 0.60859375 0.19375 0.20885416666666667
c-3-f-o-g 0.8203125 0.6216145833333333 0.20729166666666668 0.21302083333333333
c-2-h-d-g 0.63046875 0.5377604166666666 0.20989583333333334 0.1640625
c-3-u-o-g 0.17708333333333334 0.5408854166666667 0.19791666666666666 0.20052083333333334
c-1-u-d-g 0.36328125 0.47213541666666664 0.1703125 0.19739583333333333
c-1-u-d-p 0.8421875 0.45755208333333336 0.17291666666666666 0.1828125
c-2-f-d-g 0.8643229166666667 0.33255208333333336 0.16302083333333334 0.17239583333333333
c-3-f-d-r 0.6369791666666667 0.34453125 0.18020833333333333 0.17760416666666667
c-2-f-o-r 0.478125 0.34036458333333336 0.1375 0.1703125
c-2-f-d-g 0.2671875 0.37005208333333334 0.13958333333333334 0.17447916666666666
c-3-u-o-p 0.34375 0.22942708333333334 0.121875 0.1515625
c-3-h-s-r 0.7416666666666667 0.23125 0.15416666666666667 0.165625
c-3-f-d-p 0.59140625 0.16328125 0.16197916666666667 0.1640625
c-1-u-o-r 0.4557291666666667 0.14791666666666667 0.18229166666666666 0.15729166666666666
