3 0.6669270833333333 0.68984375 0.18802083333333333 0.20989583333333334
60 0.49609375 0.7622395833333333 0.20364583333333333 0.21927083333333333
30 0.30078125 0.7234375 0.20572916666666666 0.21875
22 0.17734375 0.6916666666666667 0.21927083333333333 0.21145833333333333
75 0.5122395833333333 0.5919270833333333 0.2078125 0.15989583333333332
76 0.8044270833333333 0.5283854166666667 0.19739583333333333 0.1859375
52 0.6458333333333334 0.49166666666666664 0.15 0.171875
58 0.3450520833333333 0.5380208333333333 0.2046875 0.17083333333333334
24 0.11770833333333333 0.5372395833333333 0.20729166666666668 0.18697916666666667
22 0.8395833333333333 0.3770833333333333 0.19375 0.15
67 0.68125 0.3572916666666667 0.134375 0.153125
50 0.50390625 0.4080729166666667 0.13697916666666668 0.1578125
69 0.33697916666666666 0.40911458333333334 0.15 0.1546875
77 0.17552083333333332 0.36432291666666666 0.16875 0.16197916666666667
34 0.5158854166666667 0.26953125 0.17760416666666667 0.12552083333333333
43 0.2911458333333333 0.2869791666666667 0.11666666666666667 0.13958333333333334
35 0.6619791666666667 0.21901041666666668 0.11770833333333333 0.13177083333333334
14 0.559375 0.17682291666666666 0.14895833333333333 0.13697916666666668
21 0.40390625 0.15234375 0.1390625 0.1359375
68 0.19921875 0.19713541666666667 0.13385416666666666 0.1390625
