48 0.38828125 0.89375 0.16927083333333334 0.209375
67 0.5768229166666666 0.7765625 0.19739583333333333 0.19583333333333333
75 0.28958333333333336 0.7684895833333333 0.17395833333333333 0.20572916666666666
32 0.44895833333333335 0.6981770833333333 0.18125 0.19635416666666666
70 0.73046875 0.6872395833333333 0.15677083333333333 0.1953125
78 0.5880208333333333 0.6020833333333333 0.140625 0.18333333333333332
21 0.24895833333333334 0.6041666666666666 0.18125 0.184375
51 0.39505208333333336 0.5140625 0.14010416666666667 0.171875
68 0.803125 0.503125 0.13958333333333334 0.17083333333333334
58 0.6903645833333333 0.49453125 0.13385416666666666 0.17135416666666667
80 0.596875 0.39479166666666665 0.11875 0.15104166666666666
13 0.5005208333333333 0.43671875 0.12708333333333333 0.15989583333333332
76 0.2640625 0.43125 0.15520833333333334 0.16354166666666667
30 0.7830729166666667 0.33880208333333334 0.1328125 0.1546875
17 0.63828125 0.3125 0.1703125 0.11979166666666667
8 0.4317708333333333 0.315625 0.13125 0.146875
41 0.6578125 0.1765625 0.16875 0.1375
57 0.53125 0.19322916666666667 0.15104166666666666 0.14479166666666668
26 0.3763020833333333 0.19348958333333333 0.15572916666666667 0.1453125
15 0.27838541666666666 0.27109375 0.1359375 0.15052083333333333
