c-1-f-o-r 0.8286458333333333 0.7263020833333333 0.23125 0.23177083333333334
c-1-f-o-p 0.6442708333333333 0.8059895833333334 0.18854166666666666 0.24739583333333334
c-2-f-d-g 0.23541666666666666 0.8322916666666667 0.24895833333333334 0.228125
c-2-u-d-r 0.46484375 0.7138020833333333 0.22239583333333332 0.2328125
c-1-h-d-p 0.36614583333333334 0.64140625 0.17916666666666667 0.21197916666666666
c-2-f-o-p 0.16692708333333334 0.6638020833333333 0.22864583333333333 0.1890625
c-3-u-d-p 0.7557291666666667 0.53984375 0.21458333333333332 0.20052083333333334
c-2-f-o-r 0.6013020833333333 0.52734375 0.14427083333333332 0.18177083333333333
c-3-f-d-r 0.1734375 0.5341145833333333 0.21770833333333334 0.18489583333333334
c-3-f-d-g 0.8380208333333333 0.4322916666666667 0.16354166666666667 0.184375
c-1-h-o-r 0.7375 0.353125 0.20104166666666667 0.14583333333333334
c-3-u-d-r 0.43515625 0.41822916666666665 0.16927083333333334 0.175
c-2-h-o-p 0.29010416666666666 0.3932291666666667 0.17291666666666666 0.171875
c-1-f-o-g 0.17369791666666667 0.35182291666666665 0.17760416666666667 0.1640625
c-1-h-o-p 0.75859375 0.25026041666666665 0.14427083333333332 0.15052083333333333
c-3-h-d-g 0.54296875 0.30494791666666665 0.13385416666666666 0.15260416666666668
c-2-h-o-r 0.42552083333333335 0.26276041666666666 0.11875 0.13697916666666668
c-2-u-o-g 0.67265625 0.18619791666666666 0.11510416666666666 0.12760416666666666
c-2-f-o-g 0.54609375 0.15598958333333332 0.11197916666666667 0.12447916666666667
c-2-h-d-r 0.32395833333333335 0.16432291666666668 0.11354166666666667 0.12552083333333333
