c-1-h-d-p 0.7067708333333333 0.7135416666666666 0.17395833333333333 0.196875
c-2-f-d-p 0.5005208333333333 0.8005208333333333 0.14479166666666668 0.20208333333333334
c-2-h-d-p 0.28932291666666665 0.7111979166666667 0.14739583333333334 0.19010416666666666
c-1-h-d-g 0.4666666666666667 0.6453125 0.19583333333333333 0.19166666666666668
c-3-h-d-g 0.5966145833333333 0.6018229166666667 0.1515625 0.1859375
c-3-f-d-p 0.31796875 0.5317708333333333 0.17552083333333332 0.17395833333333333
c-2-u-d-p 0.16484375 0.52578125 0.18177083333333333 0.17447916666666666
c-2-f-d-r 0.7244791666666667 0.5169270833333334 0.16145833333333334 0.16927083333333334
c-2-u-d-g 0.44192708333333336 0.48854166666666665 0.1578125 0.16770833333333332
c-1-h-d-p 0.32838541666666665 0.39609375 0.15677083333333333 0.1546875
c-1-u-d-p 0.20182291666666666 0.3971354166666667 0.14010416666666667 0.1515625
c-3-u-d-p 0.61796875 0.428125 0.1328125 0.15520833333333334
c-2-f-o-p 0.7721354166666666 0.3893229166666667 0.13385416666666666 0.14114583333333333
c-3-f-d-g 0.6526041666666667 0.3098958333333333 0.134375 0.13125
c-3-f-d-r 0.4744791666666667 0.36302083333333335 0.14583333333333334 0.146875
c-1-f-d-p 0.33307291666666666 0.27890625 0.11510416666666666 0.1265625
c-3-h-d-g 0.48098958333333336 0.23697916666666666 0.10260416666666666 0.121875
c-1-u-o-g 0.7166666666666667 0.2234375 0.10625 0.12395833333333334
c-3-h-d-p 0.62109375 0.171875 0.12864583333333332 0.11875
c-3-h-o-g 0.415625 0.15260416666666668 0.10833333333333334 0.11458333333333333
