c-3-f-d-r 0.3893229166666667 0.8450520833333334 0.23489583333333333 0.2609375
c-1-u-d-p 0.6130208333333333 0.7044270833333334 0.22604166666666667 0.2265625
c-2-u-o-p 0.27760416666666665 0.7479166666666667 0.19791666666666666 0.22916666666666666
c-2-h-d-g 0.78515625 0.6341145833333334 0.18802083333333333 0.22135416666666666
c-1-h-o-r 0.45677083333333335 0.6122395833333333 0.140625 0.19427083333333334
c-1-h-d-r 0.18359375 0.65234375 0.19947916666666668 0.2203125
c-2-h-d-r 0.859375 0.5002604166666667 0.16875 0.20052083333333334
c-3-h-o-r 0.6890625 0.47604166666666664 0.19479166666666667 0.19166666666666668
c-1-f-d-p 0.553125 0.46822916666666664 0.16458333333333333 0.19270833333333334
c-2-u-o-r 0.32369791666666664 0.5236979166666667 0.15260416666666668 0.19010416666666666
c-1-h-d-p 0.16328125 0.4908854166666667 0.14322916666666666 0.18489583333333334
c-2-f-o-r 0.909375 0.3255208333333333 0.159375 0.17395833333333333
c-1-f-d-g 0.7283854166666667 0.3580729166666667 0.19635416666666666 0.1515625
c-2-h-o-p 0.5395833333333333 0.30546875 0.17395833333333333 0.16614583333333333
c-3-h-d-p 0.41041666666666665 0.37890625 0.13333333333333333 0.17239583333333333
c-3-h-d-g 0.25104166666666666 0.36276041666666664 0.15 0.17135416666666667
c-3-u-d-g 0.7322916666666667 0.2359375 0.134375 0.146875
c-3-f-o-r 0.3151041666666667 0.24739583333333334 0.14166666666666666 0.15104166666666666
c-2-f-d-p 0.6088541666666667 0.19166666666666668 0.14583333333333334 0.15416666666666667
c-2-h-d-r 0.4713541666666667 0.17395833333333333 0.11770833333333333 0.13645833333333332
