c-2-f-d-p 0.6848958333333334 0.7013020833333333 0.1375 0.19947916666666668
c-1-u-d-r 0.5291666666666667 0.7388020833333333 0.1375 0.20260416666666667
c-3-f-d-p 0.2755208333333333 0.7221354166666667 0.17708333333333334 0.2109375
c-3-u-d-g 0.7205729166666667 0.5309895833333333 0.19947916666666668 0.17760416666666667
c-1-h-o-g 0.6020833333333333 0.590625 0.19166666666666668 0.11770833333333333
c-2-f-o-r 0.4153645833333333 0.6184895833333334 0.20885416666666667 0.17552083333333332
c-3-h-o-p 0.26927083333333335 0.5549479166666667 0.20729166666666668 0.17447916666666666
c-3-u-d-p 0.6510416666666666 0.4544270833333333 0.1875 0.17239583333333333
c-3-u-d-r 0.17942708333333332 0.453125 0.1515625 0.17395833333333333
c-3-f-d-r 0.6203125 0.3458333333333333 0.18541666666666667 0.13333333333333333
c-3-f-d-p 0.5020833333333333 0.43802083333333336 0.121875 0.16041666666666668
c-1-f-d-r 0.4002604166666667 0.403125 0.1234375 0.15208333333333332
c-1-f-o-r 0.26848958333333334 0.39401041666666664 0.12760416666666666 0.15364583333333334
c-2-u-o-r 0.5760416666666667 0.25364583333333335 0.18229166666666666 0.14270833333333333
c-1-f-o-p 0.45338541666666665 0.26145833333333335 0.15885416666666666 0.15104166666666666
c-1-u-d-p 0.3296875 0.26588541666666665 0.16041666666666668 0.12447916666666667
c-1-h-d-p 0.2375 0.26848958333333334 0.14479166666666668 0.15260416666666668
c-1-f-d-r 0.6255208333333333 0.15885416666666666 0.16875 0.134375
c-1-u-o-r 0.5057291666666667 0.1765625 0.16041666666666668 0.134375
c-3-u-d-r 0.3651041666666667 0.17005208333333333 0.16875 0.10572916666666667
