15 0.575 0.8736979166666666 0.246875 0.24739583333333334
66 0.3145833333333333 0.7658854166666667 0.23854166666666668 0.23802083333333332
21 0.6486979166666667 0.6856770833333333 0.2015625 0.2265625
33 0.7919270833333333 0.6033854166666667 0.1640625 0.20260416666666667
32 0.5221354166666666 0.6458333333333334 0.1953125 0.21875
80 0.40260416666666665 0.5940104166666667 0.2 0.20677083333333332
13 0.20390625 0.6658854166666667 0.21927083333333333 0.2171875
20 0.8364583333333333 0.48385416666666664 0.171875 0.184375
76 0.6864583333333333 0.46171875 0.16041666666666668 0.17864583333333334
14 0.5567708333333333 0.45703125 0.15520833333333334 0.17552083333333332
61 0.35963541666666665 0.4557291666666667 0.1734375 0.178125
79 0.17057291666666666 0.478125 0.1578125 0.17604166666666668
66 0.8825520833333333 0.3888020833333333 0.15989583333333332 0.1578125
31 0.71796875 0.30416666666666664 0.18697916666666667 0.12916666666666668
22 0.5825520833333333 0.28671875 0.14114583333333333 0.15260416666666668
67 0.44635416666666666 0.3145833333333333 0.13333333333333333 0.15833333333333333
52 0.30026041666666664 0.31536458333333334 0.1296875 0.15052083333333333
7 0.8372395833333334 0.2591145833333333 0.16510416666666666 0.1546875
9 0.7010416666666667 0.20338541666666668 0.16458333333333333 0.14427083333333332
12 0.571875 0.16223958333333333 0.1375 0.1328125
