3 0.42706565859374995 0.4924436885416667 0.19252948802083333 0.17655315416666664
12 0.5682639916666666 0.6472138403645834 0.22030515625 0.16349366510416666
10 0.4064105033854167 0.6281306901041667 0.20724150364583332 0.1882905958333333
25 0.61232997578125 0.7638754846354167 0.22264356614583328 0.16681944531249993
19 0.7047338802083334 0.5627795059895834 0.16234099062500001 0.18507636406250003
22 0.5655599276041666 0.4950651484375 0.14228280416666664 0.17473951979166671
18 0.44930318177083334 0.34483545625 0.16274592083333334 0.14577385625
26 0.3382065455729167 0.4008805752604167 0.1368045171875 0.15487553281250002
9 0.16742293437500003 0.2992139973958333 0.18755931041666668 0.1584863979166667
78 0.21300518125000004 0.44969356875 0.168959578125 0.17210359583333337
74 0.38246053046874995 0.7709092776041667 0.21795851406250003 0.15289236666666675
55 0.12320616041666668 0.5879813036458333 0.19172797604166666 0.2019326208333333
58 0.5838663895833334 0.3307327747395833 0.11157795625000003 0.1407707536458333
61 0.6091177622395832 0.2200513283854167 0.17436765052083333 0.11322223385416669
28 0.2970346450520834 0.26509030677083334 0.15554065677083334 0.13427200312499998
27 0.7697049776041667 0.6744441986979166 0.19240131354166662 0.20969975781249997
38 0.2451354265625 0.6249350390625 0.21575230000000004 0.21337264375
42 0.7122778893229167 0.39859585755208327 0.1400477723958333 0.1579988161458333
48 0.4675745010416667 0.21772326614583334 0.12799631770833333 0.13243759479166667
52 0.340480915625 0.17539043437500001 0.162927659375 0.07754313125
