52 0.6645833333333333 0.7671875 0.25833333333333336 0.21145833333333333
53 0.4395833333333333 0.8635416666666667 0.25 0.18854166666666666
39 0.25729166666666664 0.8083333333333333 0.25416666666666665 0.28229166666666666
33 0.75546875 0.6192708333333333 0.20052083333333334 0.22916666666666666
16 0.5674479166666667 0.66640625 0.2557291666666667 0.21822916666666667
32 0.14635416666666667 0.659375 0.24895833333333334 0.25625
70 0.3229166666666667 0.6205729166666667 0.23645833333333333 0.22135416666666666
61 0.7973958333333333 0.40703125 0.14479166666666668 0.1921875
48 0.6791666666666667 0.49557291666666664 0.21666666666666667 0.21197916666666666
40 0.51484375 0.4981770833333333 0.22135416666666666 0.2171875
58 0.1953125 0.465625 0.21770833333333334 0.21979166666666666
66 0.3380208333333333 0.4153645833333333 0.14479166666666668 0.19114583333333332
67 0.6783854166666666 0.30572916666666666 0.15572916666666667 0.175
22 0.4856770833333333 0.35104166666666664 0.21614583333333334 0.16354166666666667
31 0.20364583333333333 0.31302083333333336 0.153125 0.18125
23 0.6645833333333333 0.14010416666666667 0.125 0.15625
79 0.56015625 0.21588541666666666 0.15677083333333333 0.16927083333333334
51 0.44244791666666666 0.20520833333333333 0.14635416666666667 0.16458333333333333
13 0.32916666666666666 0.21328125 0.17916666666666667 0.17239583333333333
41 0.23255208333333333 0.1453125 0.19739583333333333 0.15729166666666666
