69 0.7106770833333333 0.7830729166666667 0.17447916666666666 0.18489583333333334
77 0.48541666666666666 0.8838541666666667 0.15104166666666666 0.18645833333333334
23 0.28880208333333335 0.90625 0.1671875 0.18229166666666666
49 0.5651041666666666 0.6932291666666667 0.13125 0.16875
25 0.39739583333333334 0.7455729166666667 0.18125 0.17760416666666667
17 0.24375 0.74375 0.18020833333333333 0.14791666666666667
49 0.8489583333333334 0.68203125 0.153125 0.17864583333333334
40 0.6979166666666666 0.565625 0.18541666666666667 0.159375
67 0.4895833333333333 0.6018229166666667 0.12916666666666668 0.15885416666666666
14 0.36744791666666665 0.5841145833333333 0.1609375 0.1640625
15 0.22916666666666666 0.575 0.16770833333333332 0.15833333333333333
76 0.11484375 0.6158854166666666 0.13072916666666667 0.1703125
40 0.8778645833333333 0.4973958333333333 0.1296875 0.15520833333333334
41 0.72578125 0.43515625 0.13489583333333333 0.15364583333333334
50 0.5270833333333333 0.41640625 0.12291666666666666 0.15572916666666667
79 0.36041666666666666 0.43411458333333336 0.15 0.15885416666666666
13 0.1828125 0.4322916666666667 0.171875 0.16041666666666668
21 0.42552083333333335 0.32473958333333336 0.12916666666666668 0.15260416666666668
75 0.29348958333333336 0.33255208333333336 0.14427083333333332 0.1515625
71 0.58359375 0.26927083333333335 0.17447916666666666 0.15104166666666666
