32 0.63125 0.7455729166666667 0.17291666666666666 0.2234375
58 0.46927083333333336 0.7638020833333333 0.19479166666666667 0.23385416666666667
26 0.2942708333333333 0.8010416666666667 0.23020833333333332 0.22291666666666668
59 0.2015625 0.7010416666666667 0.2125 0.21145833333333333
43 0.734375 0.6278645833333333 0.1875 0.20885416666666667
4 0.559375 0.5708333333333333 0.16041666666666668 0.19166666666666668
69 0.42864583333333334 0.5958333333333333 0.159375 0.203125
51 0.3411458333333333 0.5604166666666667 0.16354166666666667 0.18854166666666666
16 0.13880208333333333 0.5421875 0.20572916666666666 0.190625
3 0.88359375 0.4864583333333333 0.18489583333333334 0.18020833333333333
5 0.6611979166666667 0.4588541666666667 0.1390625 0.16875
78 0.46380208333333334 0.44427083333333334 0.1984375 0.146875
75 0.23020833333333332 0.41770833333333335 0.14270833333333333 0.15520833333333334
3 0.36276041666666664 0.33255208333333336 0.1203125 0.1390625
68 0.7893229166666667 0.37942708333333336 0.17447916666666666 0.16197916666666667
70 0.6260416666666667 0.31875 0.13958333333333334 0.14479166666666668
48 0.49713541666666666 0.2947916666666667 0.15364583333333334 0.14479166666666668
60 0.7223958333333333 0.23828125 0.15 0.1390625
42 0.42890625 0.21744791666666666 0.16614583333333333 0.1046875
22 0.5869791666666667 0.18671875 0.16770833333333332 0.1046875
