43 0.7394783020833333 0.9216013591145834 0.20113334687500004 0.15669899010416669
9 0.5491171359375 0.8497417130208333 0.19240662291666666 0.1423737208333333
45 0.35337351171875003 0.91796236015625 0.1933642390625 0.15709184010416674
59 0.2208118875 0.7952349346354166 0.19087928958333336 0.14058609010416667
78 0.8846415520833334 0.7158737500000001 0.20938383749999995 0.1834489822916667
56 0.4165849684895833 0.6946584065104167 0.19745508802083336 0.15942459114583335
12 0.24816596510416666 0.6405519169270835 0.194758971875 0.1710783005208333
28 0.7339092890625 0.6239430109375 0.14964688645833338 0.19690996770833333
7 0.6028749783854167 0.6172444502604167 0.13587652864583338 0.18972031302083334
16 0.4369924861979167 0.5709709484375 0.19312852239583336 0.151989428125
66 0.21543438411458335 0.5258416018229167 0.18451469739583334 0.14042406093750007
34 0.85932299296875 0.4151878197916667 0.18798675572916668 0.13340139374999999
5 0.6825307846354166 0.44929938307291667 0.19056498177083334 0.1541649182291667
53 0.5914766471354167 0.38758575130208334 0.17382847447916674 0.15089915572916665
44 0.40834191640625 0.39288711562500006 0.18738269843749997 0.18006534583333333
6 0.2070808330729167 0.3939208825520833 0.17824829427083336 0.11685635260416666
2 0.7685143786458333 0.23538273984375 0.1281810760416666 0.16257255885416663
39 0.549264446875 0.23664484817708334 0.17764425312499998 0.17208015156250003
1 0.3953524432291667 0.2179414471354167 0.1704398791666667 0.1756995442708333
4 0.23773015338541667 0.23849874322916667 0.17616602552083332 0.17628887499999998
