43 0.8057812690104167 0.7512548127604167 0.2157091140624999 0.1416714348958333
48 0.3698006869791666 0.8193379721354167 0.23437081979166666 0.19216105156249993
12 0.5833268802083335 0.7094207763020833 0.22643960312500003 0.14567387864583334
59 0.21729565078125 0.7117486 0.22629717968750002 0.1659954708333334
59 0.4124916713541667 0.5823987325520833 0.21665204374999997 0.16901079843749997
12 0.22652580338541667 0.5581066606770834 0.21684356510416666 0.17307221093749997
78 0.8871190390625 0.5363019625 0.21937764479166677 0.1741525645833334
31 0.7219706854166666 0.4759707927083333 0.13023872395833322 0.16325019166666668
7 0.5955797354166666 0.48813277890624995 0.15181258541666665 0.1741967838541666
16 0.42004968333333337 0.46972403515625 0.20322548541666668 0.15530430468749998
66 0.19199436484375001 0.4589985052083333 0.19758768072916666 0.13352912291666671
34 0.7933319408854166 0.2967845203125 0.17433923072916666 0.09392708124999999
5 0.6359675091145834 0.33743252734375 0.1807479859374999 0.11864887864583332
53 0.5460035802083333 0.3016463440104167 0.180472978125 0.12914851510416667
44 0.36809905390625003 0.32543503437500004 0.18052209218749998 0.14855658229166663
6 0.17622035755208335 0.3491942723958334 0.17432936822916664 0.11018231666666664
2 0.6834761619791666 0.17775750546875002 0.11701348645833333 0.11417988906250001
39 0.48081056276041667 0.20012448229166668 0.15543692864583333 0.13442777812499998
4 0.33651173125 0.20178438802083332 0.14543814687500004 0.1318250020833333
4 0.19063402005208333 0.23122559375 0.1687210244791667 0.130302540625
