32 0.8807291666666667 0.5640625 0.18645833333333334 0.178125
80 0.7466145833333333 0.65234375 0.19739583333333333 0.18489583333333334
30 0.596875 0.7369791666666666 0.196875 0.20625
12 0.4432291666666667 0.7635416666666667 0.196875 0.16979166666666667
23 0.525 0.6166666666666667 0.17395833333333333 0.18854166666666666
58 0.26458333333333334 0.7229166666666667 0.203125 0.14583333333333334
12 0.3536458333333333 0.6138020833333333 0.18020833333333333 0.19114583333333332
30 0.16588541666666667 0.6088541666666667 0.20572916666666666 0.17395833333333333
32 0.63203125 0.5341145833333333 0.1546875 0.18072916666666666
75 0.29973958333333334 0.47682291666666665 0.17239583333333333 0.17447916666666666
75 0.17213541666666668 0.43828125 0.15572916666666667 0.16614583333333333
48 0.7755208333333333 0.46041666666666664 0.125 0.171875
7 0.4942708333333333 0.45859375 0.11770833333333333 0.1546875
48 0.5971354166666667 0.36770833333333336 0.18072916666666666 0.14270833333333333
61 0.38567708333333334 0.35963541666666665 0.1171875 0.1421875
3 0.2713541666666667 0.32083333333333336 0.15833333333333333 0.15208333333333332
21 0.7671875 0.3020833333333333 0.14791666666666667 0.15208333333333332
66 0.6299479166666667 0.2625 0.10677083333333333 0.13229166666666667
33 0.5125 0.23411458333333332 0.13958333333333334 0.14010416666666667
67 0.38619791666666664 0.19921875 0.14635416666666667 0.1390625
