57 0.6119791666666666 0.7986979166666667 0.18854166666666666 0.22135416666666666
39 0.3125 0.7963541666666667 0.18333333333333332 0.225
4 0.7731770833333333 0.7098958333333333 0.1734375 0.21145833333333333
49 0.5080729166666667 0.7184895833333333 0.14739583333333334 0.1953125
40 0.22526041666666666 0.721875 0.20052083333333334 0.21145833333333333
44 0.6322916666666667 0.5953125 0.12708333333333333 0.18229166666666666
41 0.33932291666666664 0.5861979166666667 0.20260416666666667 0.18072916666666666
14 0.5033854166666667 0.5184895833333333 0.1765625 0.18385416666666668
5 0.8497395833333333 0.5609375 0.13177083333333334 0.17708333333333334
8 0.73671875 0.4817708333333333 0.1359375 0.171875
53 0.84765625 0.35598958333333336 0.1421875 0.14739583333333334
42 0.55 0.42604166666666665 0.175 0.10625
31 0.19895833333333332 0.45026041666666666 0.159375 0.1703125
6 0.2994791666666667 0.36640625 0.17395833333333333 0.12239583333333333
50 0.4122395833333333 0.3171875 0.13802083333333334 0.14895833333333333
39 0.6765625 0.30703125 0.16145833333333334 0.15052083333333333
31 0.5520833333333334 0.28177083333333336 0.13541666666666666 0.14270833333333333
77 0.8231770833333333 0.23802083333333332 0.11510416666666666 0.13541666666666666
71 0.67890625 0.19010416666666666 0.15572916666666667 0.13541666666666666
59 0.4713541666666667 0.15 0.15625 0.13229166666666667
