58 0.78784395859375 0.8048628807291667 0.1444559734374999 0.174957975
68 0.6564658481770833 0.9134737333333334 0.15092862447916672 0.17305253333333337
61 0.5020946661458333 0.8522880236979167 0.1875644364583333 0.14631722760416668
36 0.3906035424479166 0.9046315828125001 0.1543810526041667 0.1838418958333334
51 0.26142309505208333 0.83163007109375 0.18581609739583332 0.1485811869791667
54 0.5354106109375 0.71647539140625 0.16158539479166661 0.18438701614583336
47 0.6740569114583334 0.6400165877604167 0.16831340833333333 0.18260924010416665
77 0.38436907135416665 0.6798469544270832 0.13462425833333333 0.17289047239583333
70 0.23135572291666667 0.6961218833333334 0.172973903125 0.17622013125000002
26 0.15541505416666668 0.5923753419270833 0.1786068041666667 0.14676901510416662
80 0.83640600859375 0.591265471875 0.14790840156249996 0.17012561145833333
30 0.49683259348958336 0.5492914677083333 0.12544568385416668 0.165607484375
64 0.19171934921875 0.45928824739583335 0.1337746140625 0.1639574052083333
8 0.35240604088541666 0.45246450104166663 0.14665117239583333 0.177575525
13 0.7040801364583333 0.479560725 0.13855794270833333 0.18054669687500002
32 0.4810609817708334 0.3724280674479167 0.1338581083333334 0.17263018281250003
41 0.8311242739583332 0.37914625807291663 0.12950700104166668 0.16303418489583332
52 0.64170846953125 0.28924859375 0.18585542031250005 0.15851109791666668
31 0.5097041924479166 0.2144301018229167 0.1297181765625 0.15662531822916667
29 0.29736397265625 0.2817323921875 0.15658113177083333 0.16953628854166664
