76 0.39479166666666665 0.815625 0.18229166666666666 0.23541666666666666
67 0.6619791666666667 0.7802083333333333 0.16458333333333333 0.22916666666666666
18 0.7760416666666666 0.6588541666666666 0.2125 0.215625
22 0.5575520833333333 0.6770833333333334 0.22239583333333332 0.209375
3 0.23098958333333333 0.6973958333333333 0.23072916666666668 0.19270833333333334
43 0.421875 0.6190104166666667 0.209375 0.20364583333333333
68 0.16197916666666667 0.5942708333333333 0.21145833333333333 0.175
13 0.3528645833333333 0.5033854166666667 0.18385416666666668 0.18697916666666667
31 0.7450520833333333 0.5138020833333333 0.16927083333333334 0.18697916666666667
62 0.6096354166666667 0.48411458333333335 0.14114583333333333 0.17552083333333332
22 0.5080729166666667 0.42942708333333335 0.14947916666666666 0.17239583333333333
60 0.21380208333333334 0.4328125 0.19322916666666667 0.171875
76 0.7651041666666667 0.37942708333333336 0.14375 0.15677083333333333
58 0.6041666666666666 0.30416666666666664 0.18541666666666667 0.14583333333333334
57 0.46171875 0.2953125 0.12135416666666667 0.140625
11 0.2984375 0.290625 0.12708333333333333 0.14375
26 0.7942708333333334 0.2453125 0.15104166666666666 0.14479166666666668
40 0.6888020833333334 0.23463541666666668 0.12135416666666667 0.13489583333333333
35 0.5708333333333333 0.16484375 0.15520833333333334 0.14010416666666667
42 0.42135416666666664 0.17109375 0.17395833333333333 0.10989583333333333
