68 0.6950520833333333 0.7135416666666666 0.16510416666666666 0.21145833333333333
61 0.5036458333333333 0.6552083333333333 0.20729166666666668 0.15208333333333332
39 0.36432291666666666 0.7315104166666667 0.17552083333333332 0.21614583333333334
51 0.203125 0.66171875 0.228125 0.15052083333333333
58 0.8286458333333333 0.5721354166666667 0.19479166666666667 0.18802083333333333
57 0.5203125 0.515625 0.171875 0.18229166666666666
70 0.175 0.528125 0.2 0.16875
50 0.6625 0.42682291666666666 0.19375 0.16822916666666668
77 0.34348958333333335 0.49609375 0.12760416666666666 0.15572916666666667
26 0.09869791666666666 0.43776041666666665 0.18802083333333333 0.1421875
80 0.8294270833333334 0.3690104166666667 0.1703125 0.15677083333333333
30 0.4713541666666667 0.36875 0.115625 0.14895833333333333
8 0.3078125 0.30807291666666664 0.14895833333333333 0.1390625
67 0.15 0.3268229166666667 0.12604166666666666 0.1359375
13 0.6658854166666667 0.29583333333333334 0.1265625 0.13020833333333334
41 0.7770833333333333 0.21067708333333332 0.1375 0.11510416666666666
32 0.43385416666666665 0.24140625 0.12083333333333333 0.12760416666666666
32 0.2565104166666667 0.18958333333333333 0.14427083333333332 0.11770833333333333
52 0.5841145833333333 0.16822916666666668 0.1609375 0.10208333333333333
31 0.4546875 0.12890625 0.10104166666666667 0.09739583333333333
