44 0.8057291666666667 0.6984375 0.14166666666666666 0.209375
53 0.6020833333333333 0.7822916666666667 0.23229166666666667 0.18645833333333334
50 0.4361979166666667 0.7674479166666667 0.2390625 0.19739583333333333
48 0.22421875 0.8182291666666667 0.24635416666666668 0.23229166666666667
44 0.3015625 0.6822916666666666 0.22708333333333333 0.1875
3 0.6166666666666667 0.62578125 0.22291666666666668 0.1984375
4 0.73359375 0.5075520833333333 0.2015625 0.1921875
12 0.49322916666666666 0.5825520833333333 0.21979166666666666 0.17864583333333334
78 0.2203125 0.5684895833333333 0.21979166666666666 0.18697916666666667
77 0.33098958333333334 0.4856770833333333 0.20677083333333332 0.1421875
75 0.6145833333333334 0.4596354166666667 0.20416666666666666 0.18177083333333333
23 0.4700520833333333 0.3893229166666667 0.1265625 0.1640625
76 0.28463541666666664 0.35546875 0.18697916666666667 0.10052083333333334
31 0.70078125 0.30546875 0.1234375 0.15885416666666666
68 0.5888020833333333 0.2838541666666667 0.14739583333333334 0.16145833333333334
24 0.24869791666666666 0.259375 0.18385416666666668 0.10625
23 0.409375 0.25546875 0.18229166666666666 0.1484375
59 0.4791666666666667 0.17760416666666667 0.17604166666666668 0.109375
77 0.32786458333333335 0.17135416666666667 0.18697916666666667 0.13020833333333334
77 0.6244791666666667 0.13151041666666666 0.109375 0.13072916666666667
