49 0.73984375 0.7440104166666667 0.21822916666666667 0.16927083333333334
40 0.9145833333333333 0.6252604166666667 0.17083333333333334 0.20052083333333334
69 0.5471354166666667 0.70078125 0.19427083333333334 0.1296875
40 0.7138020833333333 0.53359375 0.15885416666666666 0.17760416666666667
49 0.49947916666666664 0.5265625 0.1875 0.18645833333333334
77 0.29192708333333334 0.5919270833333333 0.20572916666666666 0.1640625
41 0.84296875 0.4635416666666667 0.17760416666666667 0.175
67 0.5247395833333334 0.403125 0.18697916666666667 0.15416666666666667
22 0.33567708333333335 0.43671875 0.18072916666666666 0.12135416666666667
23 0.13229166666666667 0.471875 0.1875 0.146875
50 0.6893229166666667 0.30546875 0.1828125 0.14322916666666666
17 0.4421875 0.3026041666666667 0.18333333333333332 0.10729166666666666
17 0.23255208333333333 0.32421875 0.19427083333333334 0.13697916666666668
71 0.8630208333333333 0.24635416666666668 0.13541666666666666 0.14270833333333333
21 0.6947916666666667 0.17760416666666667 0.18333333333333332 0.13541666666666666
79 0.5557291666666667 0.20494791666666667 0.18958333333333333 0.11197916666666667
15 0.35130208333333335 0.20703125 0.1765625 0.1109375
76 0.25052083333333336 0.16614583333333333 0.171875 0.14375
75 0.5822916666666667 0.09947916666666666 0.15208333333333332 0.13125
13 0.42864583333333334 0.09244791666666667 0.165625 0.08802083333333334
