58 0.7236979166666667 0.753125 0.23385416666666667 0.23645833333333333
78 0.5122395833333333 0.821875 0.2453125 0.2375
51 0.32265625 0.7583333333333333 0.2328125 0.190625
16 0.18229166666666666 0.6903645833333333 0.234375 0.2265625
32 0.8690104166666667 0.5416666666666666 0.2015625 0.2
4 0.6578125 0.59140625 0.184375 0.20989583333333334
48 0.47760416666666666 0.6057291666666667 0.18229166666666666 0.2125
30 0.3614583333333333 0.5619791666666667 0.20729166666666668 0.20208333333333334
23 0.15963541666666667 0.55625 0.22447916666666667 0.19375
59 0.7567708333333333 0.46380208333333334 0.14166666666666666 0.1859375
21 0.5559895833333334 0.43828125 0.1328125 0.1703125
67 0.37421875 0.4075520833333333 0.19739583333333333 0.17135416666666667
12 0.1875 0.35625 0.15625 0.159375
79 0.796875 0.2591145833333333 0.14583333333333334 0.15052083333333333
49 0.6328125 0.30104166666666665 0.190625 0.13333333333333333
80 0.46041666666666664 0.2877604166666667 0.13854166666666667 0.14739583333333334
66 0.28854166666666664 0.25 0.11770833333333333 0.13333333333333333
3 0.63984375 0.19140625 0.1171875 0.12864583333333332
33 0.41484375 0.18619791666666666 0.11302083333333333 0.13072916666666667
62 0.53828125 0.1640625 0.12239583333333333 0.13125
