76 0.48203125 0.90859375 0.13489583333333333 0.17864583333333334
22 0.6151041666666667 0.7885416666666667 0.19270833333333334 0.21145833333333333
33 0.3953125 0.7375 0.19375 0.15208333333333332
58 0.21901041666666668 0.71640625 0.12864583333333332 0.19010416666666666
23 0.8885416666666667 0.6875 0.19479166666666667 0.20625
12 0.7005208333333334 0.6395833333333333 0.16666666666666666 0.2
48 0.5638020833333334 0.5859375 0.1609375 0.18854166666666666
68 0.35208333333333336 0.5627604166666667 0.16770833333333332 0.14635416666666667
42 0.20598958333333334 0.5515625 0.18697916666666667 0.14270833333333333
66 0.8635416666666667 0.48203125 0.18541666666666667 0.19010416666666666
24 0.6651041666666667 0.47682291666666665 0.18229166666666666 0.13802083333333334
35 0.14140625 0.41822916666666665 0.1734375 0.15729166666666666
62 0.44557291666666665 0.4236979166666667 0.1796875 0.16927083333333334
21 0.6640625 0.3390625 0.16875 0.11354166666666667
75 0.26536458333333335 0.3455729166666667 0.1671875 0.1203125
22 0.7677083333333333 0.2638020833333333 0.17916666666666667 0.1484375
14 0.48125 0.2596354166666667 0.17395833333333333 0.12864583333333332
30 0.32526041666666666 0.18671875 0.16822916666666668 0.11927083333333334
60 0.4515625 0.12760416666666666 0.165625 0.12083333333333333
3 0.6125 0.13098958333333333 0.16354166666666667 0.1109375
