23 0.63203125 0.8596354166666667 0.2703125 0.25885416666666666
58 0.6645833333333333 0.68359375 0.25 0.22239583333333332
58 0.44036458333333334 0.8033854166666666 0.25677083333333334 0.21822916666666667
3 0.228125 0.7559895833333333 0.25833333333333336 0.2390625
21 0.37890625 0.6744791666666666 0.23802083333333332 0.20208333333333334
17 0.19635416666666666 0.6151041666666667 0.22395833333333334 0.17083333333333334
71 0.7997395833333333 0.6106770833333334 0.18177083333333333 0.22760416666666666
32 0.58515625 0.5609375 0.23489583333333333 0.18229166666666666
53 0.36875 0.52578125 0.21145833333333333 0.1390625
24 0.13984375 0.50078125 0.2234375 0.1640625
77 0.72734375 0.43854166666666666 0.2234375 0.190625
15 0.49583333333333335 0.40598958333333335 0.1375 0.18802083333333333
49 0.24348958333333334 0.3880208333333333 0.2140625 0.11770833333333333
5 0.6643229166666667 0.30442708333333335 0.2078125 0.16614583333333333
50 0.48098958333333336 0.3216145833333333 0.20364583333333333 0.12135416666666667
33 0.2713541666666667 0.28125 0.19375 0.12083333333333333
30 0.4578125 0.22708333333333333 0.21354166666666666 0.146875
12 0.6145833333333334 0.18880208333333334 0.17708333333333334 0.1609375
67 0.46822916666666664 0.13802083333333334 0.19583333333333333 0.12708333333333333
75 0.28046875 0.16588541666666667 0.19114583333333332 0.10989583333333333
